9.27006328961000E-04    -6.92220965415169E-02   5.34611048270758E-01    5.34611048270758E-01
9.27006328961000E-04    5.34611048270758E-01    5.34611048270758E-01    -6.92220965415160E-02
9.27006328961000E-04    5.34611048270758E-01    -6.92220965415169E-02   5.34611048270759E-01
7.71495349148129E-02    2.02061394068289E-01    3.98969302965854E-01    3.98969302965854E-01
7.71495349148129E-02    3.98969302965854E-01    3.98969302965854E-01    2.02061394068290E-01
7.71495349148129E-02    3.98969302965854E-01    2.02061394068289E-01    3.98969302965855E-01
5.93229773807740E-02    5.93380199137435E-01    2.03309900431282E-01    2.03309900431283E-01
5.93229773807740E-02    2.03309900431282E-01    2.03309900431282E-01    5.93380199137436E-01
5.93229773807740E-02    2.03309900431282E-01    5.93380199137435E-01    2.03309900431283E-01
3.61845405034180E-02    7.61298175434837E-01    1.19350912282581E-01    1.19350912282581E-01
3.61845405034180E-02    1.19350912282581E-01    1.19350912282581E-01    7.61298175434838E-01
3.61845405034180E-02    1.19350912282581E-01    7.61298175434837E-01    1.19350912282581E-01
1.36597310026780E-02    9.35270103777448E-01    3.23649481112760E-02    3.23649481112759E-02
1.36597310026780E-02    3.23649481112760E-02    3.23649481112760E-02    9.35270103777448E-01
1.36597310026780E-02    3.23649481112760E-02    9.35270103777448E-01    3.23649481112759E-02
5.23371119622040E-02    5.01781383104950E-02    3.56620648261293E-01    5.93201213428211E-01
5.23371119622040E-02    3.56620648261293E-01    5.93201213428212E-01    5.01781383104940E-02
5.23371119622040E-02    5.93201213428212E-01    5.01781383104950E-02    3.56620648261292E-01
5.23371119622040E-02    3.56620648261293E-01    5.01781383104950E-02    5.93201213428211E-01
5.23371119622040E-02    5.93201213428212E-01    3.56620648261293E-01    5.01781383104940E-02
5.23371119622040E-02    5.01781383104950E-02    5.93201213428212E-01    3.56620648261292E-01
2.07076596391410E-02    2.10220165361660E-02    1.71488980304042E-01    8.07489003159792E-01
2.07076596391410E-02    1.71488980304042E-01    8.07489003159792E-01    2.10220165361659E-02
2.07076596391410E-02    8.07489003159792E-01    2.10220165361660E-02    1.71488980304042E-01
2.07076596391410E-02    1.71488980304042E-01    2.10220165361660E-02    8.07489003159792E-01
2.07076596391410E-02    8.07489003159792E-01    1.71488980304042E-01    2.10220165361660E-02
2.07076596391410E-02    2.10220165361660E-02    8.07489003159792E-01    1.71488980304042E-01
