1.91687564284899E-03    -1.39458337164860E-02   5.06972916858242E-01    5.06972916858242E-01
1.91687564284899E-03    5.06972916858242E-01    5.06972916858242E-01    -1.39458337164859E-02
1.91687564284899E-03    5.06972916858242E-01    -1.39458337164860E-02   5.06972916858243E-01
4.42490272711449E-02    1.37187291433955E-01    4.31406354283022E-01    4.31406354283021E-01
4.42490272711449E-02    4.31406354283022E-01    4.31406354283022E-01    1.37187291433954E-01
4.42490272711449E-02    4.31406354283022E-01    1.37187291433955E-01    4.31406354283021E-01
5.11865487188519E-02    4.44612710305710E-01    2.77693644847143E-01    2.77693644847145E-01
5.11865487188519E-02    2.77693644847143E-01    2.77693644847143E-01    4.44612710305712E-01
5.11865487188519E-02    2.77693644847143E-01    4.44612710305710E-01    2.77693644847145E-01
2.36877358706879E-02    7.47070217917491E-01    1.26464891041254E-01    1.26464891041254E-01
2.36877358706879E-02    1.26464891041254E-01    1.26464891041254E-01    7.47070217917491E-01
2.36877358706879E-02    1.26464891041254E-01    7.47070217917491E-01    1.26464891041254E-01
1.32897756900210E-02    8.58383228050628E-01    7.08083859746860E-02    7.08083859746859E-02
1.32897756900210E-02    7.08083859746860E-02    7.08083859746860E-02    8.58383228050628E-01
1.32897756900210E-02    7.08083859746860E-02    8.58383228050628E-01    7.08083859746859E-02
4.74891660819200E-03    9.62069659517852E-01    1.89651702410729E-02    1.89651702410740E-02
4.74891660819200E-03    1.89651702410729E-02    1.89651702410729E-02    9.62069659517853E-01
4.74891660819200E-03    1.89651702410729E-02    9.62069659517852E-01    1.89651702410740E-02
3.85500725995929E-02    1.33734161966621E-01    2.61311371140087E-01    6.04954466893292E-01
3.85500725995929E-02    2.61311371140087E-01    6.04954466893291E-01    1.33734161966622E-01
3.85500725995929E-02    6.04954466893291E-01    1.33734161966621E-01    2.61311371140087E-01
3.85500725995929E-02    2.61311371140087E-01    1.33734161966621E-01    6.04954466893292E-01
3.85500725995929E-02    6.04954466893291E-01    2.61311371140087E-01    1.33734161966621E-01
3.85500725995929E-02    1.33734161966621E-01    6.04954466893291E-01    2.61311371140087E-01
2.72158143206240E-02    3.63666773969169E-02    3.88046767090268E-01    5.75586555512814E-01
2.72158143206240E-02    3.88046767090268E-01    5.75586555512814E-01    3.63666773969170E-02
2.72158143206240E-02    5.75586555512814E-01    3.63666773969169E-02    3.88046767090268E-01
2.72158143206240E-02    3.88046767090268E-01    3.63666773969169E-02    5.75586555512814E-01
2.72158143206240E-02    5.75586555512814E-01    3.88046767090268E-01    3.63666773969170E-02
2.72158143206240E-02    3.63666773969169E-02    5.75586555512814E-01    3.88046767090268E-01
2.18207736679700E-03    -1.01748831265709E-02   2.85712220049915E-01    7.24462663076655E-01
2.18207736679700E-03    2.85712220049915E-01    7.24462663076654E-01    -1.01748831265709E-02
2.18207736679700E-03    7.24462663076654E-01    -1.01748831265709E-02   2.85712220049916E-01
2.18207736679700E-03    2.85712220049915E-01    -1.01748831265709E-02   7.24462663076654E-01
2.18207736679700E-03    7.24462663076654E-01    2.85712220049915E-01    -1.01748831265709E-02
2.18207736679700E-03    -1.01748831265709E-02   7.24462663076654E-01    2.85712220049916E-01
2.15053198477309E-02    3.68438698758780E-02    2.15599664072284E-01    7.47556466051838E-01
2.15053198477309E-02    2.15599664072284E-01    7.47556466051838E-01    3.68438698758779E-02
2.15053198477309E-02    7.47556466051838E-01    3.68438698758780E-02    2.15599664072283E-01
2.15053198477309E-02    2.15599664072284E-01    3.68438698758780E-02    7.47556466051838E-01
2.15053198477309E-02    7.47556466051838E-01    2.15599664072284E-01    3.68438698758779E-02
2.15053198477309E-02    3.68438698758780E-02    7.47556466051838E-01    2.15599664072284E-01
7.67394263104900E-03    1.24598093311989E-02    1.03575616576386E-01    8.83964574092415E-01
7.67394263104900E-03    1.03575616576386E-01    8.83964574092416E-01    1.24598093311979E-02
7.67394263104900E-03    8.83964574092416E-01    1.24598093311989E-02    1.03575616576384E-01
7.67394263104900E-03    1.03575616576386E-01    1.24598093311989E-02    8.83964574092415E-01
7.67394263104900E-03    8.83964574092416E-01    1.03575616576386E-01    1.24598093311979E-02
7.67394263104900E-03    1.24598093311989E-02    8.83964574092416E-01    1.03575616576385E-01
