4.68756974276419E-02    3.33333333333332E-01    3.33333333333332E-01    3.33333333333333E-01
6.40587857858499E-03    5.23891610312300E-03    4.97380541948438E-01    4.97380541948439E-01
6.40587857858499E-03    4.97380541948438E-01    4.97380541948438E-01    5.23891610312393E-03
6.40587857858499E-03    4.97380541948438E-01    5.23891610312300E-03    4.97380541948438E-01
4.17102967393869E-02    1.73061122901294E-01    4.13469438549351E-01    4.13469438549352E-01
4.17102967393869E-02    4.13469438549351E-01    4.13469438549351E-01    1.73061122901295E-01
4.17102967393869E-02    4.13469438549351E-01    1.73061122901294E-01    4.13469438549352E-01
2.68914842500640E-02    5.90828018660169E-02    4.70458599066991E-01    4.70458599066992E-01
2.68914842500640E-02    4.70458599066991E-01    4.70458599066991E-01    5.90828018660180E-02
2.68914842500640E-02    4.70458599066991E-01    5.90828018660169E-02    4.70458599066992E-01
4.21325227616499E-02    5.18892500060958E-01    2.40553749969521E-01    2.40553749969521E-01
4.21325227616499E-02    2.40553749969521E-01    2.40553749969521E-01    5.18892500060958E-01
4.21325227616499E-02    2.40553749969521E-01    5.18892500060958E-01    2.40553749969521E-01
3.00002668427729E-02    7.04068411554854E-01    1.47965794222573E-01    1.47965794222573E-01
3.00002668427729E-02    1.47965794222573E-01    1.47965794222573E-01    7.04068411554854E-01
3.00002668427729E-02    1.47965794222573E-01    7.04068411554854E-01    1.47965794222573E-01
1.42000989250240E-02    8.49069624685051E-01    7.54651876574739E-02    7.54651876574740E-02
1.42000989250240E-02    7.54651876574739E-02    7.54651876574739E-02    8.49069624685051E-01
1.42000989250240E-02    7.54651876574739E-02    8.49069624685051E-01    7.54651876574740E-02
3.58246235127300E-03    9.66807194753950E-01    1.65964026230249E-02    1.65964026230249E-02
3.58246235127300E-03    1.65964026230249E-02    1.65964026230249E-02    9.66807194753950E-01
3.58246235127300E-03    1.65964026230249E-02    9.66807194753950E-01    1.65964026230249E-02
3.27731474606269E-02    1.03575692245252E-01    2.96555596579887E-01    5.99868711174861E-01
3.27731474606269E-02    2.96555596579887E-01    5.99868711174860E-01    1.03575692245252E-01
3.27731474606269E-02    5.99868711174860E-01    1.03575692245252E-01    2.96555596579887E-01
3.27731474606269E-02    2.96555596579887E-01    1.03575692245252E-01    5.99868711174861E-01
3.27731474606269E-02    5.99868711174860E-01    2.96555596579887E-01    1.03575692245252E-01
3.27731474606269E-02    1.03575692245252E-01    5.99868711174860E-01    2.96555596579887E-01
1.52983062484410E-02    2.00834116554160E-02    3.37723063403079E-01    6.42193524941504E-01
1.52983062484410E-02    3.37723063403079E-01    6.42193524941504E-01    2.00834116554160E-02
1.52983062484410E-02    6.42193524941504E-01    2.00834116554160E-02    3.37723063403079E-01
1.52983062484410E-02    3.37723063403079E-01    2.00834116554160E-02    6.42193524941504E-01
1.52983062484410E-02    6.42193524941504E-01    3.37723063403079E-01    2.00834116554160E-02
1.52983062484410E-02    2.00834116554160E-02    6.42193524941504E-01    3.37723063403079E-01
2.38624419283900E-03    -4.34100261413900E-03   2.04748281642812E-01    7.99592720971327E-01
2.38624419283900E-03    2.04748281642812E-01    7.99592720971327E-01    -4.34100261413905E-03
2.38624419283900E-03    7.99592720971327E-01    -4.34100261413900E-03   2.04748281642811E-01
2.38624419283900E-03    2.04748281642812E-01    -4.34100261413900E-03   7.99592720971326E-01
2.38624419283900E-03    7.99592720971327E-01    2.04748281642812E-01    -4.34100261413905E-03
2.38624419283900E-03    -4.34100261413900E-03   7.99592720971327E-01    2.04748281642812E-01
1.90847927558989E-02    4.19417864680100E-02    1.89358492130623E-01    7.68699721401366E-01
1.90847927558989E-02    1.89358492130623E-01    7.68699721401368E-01    4.19417864680089E-02
1.90847927558989E-02    7.68699721401368E-01    4.19417864680100E-02    1.89358492130622E-01
1.90847927558989E-02    1.89358492130623E-01    4.19417864680100E-02    7.68699721401366E-01
1.90847927558989E-02    7.68699721401368E-01    1.89358492130623E-01    4.19417864680090E-02
1.90847927558989E-02    4.19417864680100E-02    7.68699721401368E-01    1.89358492130621E-01
6.85005454654200E-03    1.43173202306810E-02    8.52836156826569E-02    9.00399064086662E-01
6.85005454654200E-03    8.52836156826569E-02    9.00399064086661E-01    1.43173202306819E-02
6.85005454654200E-03    9.00399064086661E-01    1.43173202306810E-02    8.52836156826579E-02
6.85005454654200E-03    8.52836156826569E-02    1.43173202306810E-02    9.00399064086662E-01
6.85005454654200E-03    9.00399064086661E-01    8.52836156826569E-02    1.43173202306819E-02
6.85005454654200E-03    1.43173202306810E-02    9.00399064086661E-01    8.52836156826579E-02
