3.08099399376470E-02    3.33333333333332E-01    3.33333333333332E-01    3.33333333333333E-01
9.07243667940399E-03    1.33103827381570E-02    4.93344808630921E-01    4.93344808630922E-01
9.07243667940399E-03    4.93344808630921E-01    4.93344808630921E-01    1.33103827381579E-02
9.07243667940399E-03    4.93344808630921E-01    1.33103827381570E-02    4.93344808630922E-01
1.87613169395940E-02    6.15788115160859E-02    4.69210594241956E-01    4.69210594241956E-01
1.87613169395940E-02    4.69210594241956E-01    4.69210594241956E-01    6.15788115160860E-02
1.87613169395940E-02    4.69210594241956E-01    6.15788115160859E-02    4.69210594241956E-01
1.94410979854770E-02    1.27437208225989E-01    4.36281395887005E-01    4.36281395887004E-01
1.94410979854770E-02    4.36281395887005E-01    4.36281395887005E-01    1.27437208225988E-01
1.94410979854770E-02    4.36281395887005E-01    1.27437208225989E-01    4.36281395887004E-01
2.77539486108100E-02    2.10307658653168E-01    3.94846170673415E-01    3.94846170673415E-01
2.77539486108100E-02    3.94846170673415E-01    3.94846170673415E-01    2.10307658653168E-01
2.77539486108100E-02    3.94846170673415E-01    2.10307658653168E-01    3.94846170673415E-01
3.22562253514570E-02    5.00410862393686E-01    2.49794568803157E-01    2.49794568803156E-01
3.22562253514570E-02    2.49794568803157E-01    2.49794568803157E-01    5.00410862393686E-01
3.22562253514570E-02    2.49794568803157E-01    5.00410862393686E-01    2.49794568803156E-01
2.50740326169219E-02    6.77135612512315E-01    1.61432193743842E-01    1.61432193743841E-01
2.50740326169219E-02    1.61432193743842E-01    1.61432193743842E-01    6.77135612512314E-01
2.50740326169219E-02    1.61432193743842E-01    6.77135612512315E-01    1.61432193743841E-01
1.52719279718320E-02    8.46803545029257E-01    7.65982274853709E-02    7.65982274853719E-02
1.52719279718320E-02    7.65982274853709E-02    7.65982274853709E-02    8.46803545029257E-01
1.52719279718320E-02    7.65982274853709E-02    8.46803545029257E-01    7.65982274853719E-02
6.79392202296300E-03    9.51495121293099E-01    2.42524393534499E-02    2.42524393534500E-02
6.79392202296300E-03    2.42524393534499E-02    2.42524393534499E-02    9.51495121293099E-01
6.79392202296300E-03    2.42524393534499E-02    9.51495121293099E-01    2.42524393534500E-02
-2.22309872992000E-03   9.13707265566070E-01    4.31463672169649E-02    4.31463672169640E-02
-2.22309872992000E-03   4.31463672169649E-02    4.31463672169649E-02    9.13707265566070E-01
-2.22309872992000E-03   4.31463672169649E-02    9.13707265566070E-01    4.31463672169640E-02
6.33191407640599E-03    8.43053620241999E-03    3.58911494940943E-01    6.32657968856636E-01
6.33191407640599E-03    3.58911494940943E-01    6.32657968856636E-01    8.43053620241995E-03
6.33191407640599E-03    6.32657968856636E-01    8.43053620241999E-03    3.58911494940943E-01
6.33191407640599E-03    3.58911494940943E-01    8.43053620241999E-03    6.32657968856636E-01
6.33191407640599E-03    6.32657968856636E-01    3.58911494940943E-01    8.43053620241995E-03
6.33191407640599E-03    8.43053620241999E-03    6.32657968856636E-01    3.58911494940943E-01
2.72575380491380E-02    1.31186551737187E-01    2.94402476751957E-01    5.74410971510854E-01
2.72575380491380E-02    2.94402476751957E-01    5.74410971510854E-01    1.31186551737187E-01
2.72575380491380E-02    5.74410971510854E-01    1.31186551737187E-01    2.94402476751957E-01
2.72575380491380E-02    2.94402476751957E-01    1.31186551737187E-01    5.74410971510854E-01
2.72575380491380E-02    5.74410971510854E-01    2.94402476751957E-01    1.31186551737188E-01
2.72575380491380E-02    1.31186551737187E-01    5.74410971510854E-01    2.94402476751957E-01
1.76767856494650E-02    5.02031515656750E-02    3.25017801641813E-01    6.24779046792510E-01
1.76767856494650E-02    3.25017801641813E-01    6.24779046792511E-01    5.02031515656741E-02
1.76767856494650E-02    6.24779046792511E-01    5.02031515656750E-02    3.25017801641813E-01
1.76767856494650E-02    3.25017801641813E-01    5.02031515656750E-02    6.24779046792511E-01
1.76767856494650E-02    6.24779046792511E-01    3.25017801641813E-01    5.02031515656740E-02
1.76767856494650E-02    5.02031515656750E-02    6.24779046792511E-01    3.25017801641813E-01
1.83794846380700E-02    6.63292638109160E-02    1.84737559666045E-01    7.48933176523038E-01
1.83794846380700E-02    1.84737559666045E-01    7.48933176523037E-01    6.63292638109169E-02
1.83794846380700E-02    7.48933176523037E-01    6.63292638109160E-02    1.84737559666046E-01
1.83794846380700E-02    1.84737559666045E-01    6.63292638109160E-02    7.48933176523038E-01
1.83794846380700E-02    7.48933176523037E-01    1.84737559666045E-01    6.63292638109169E-02
1.83794846380700E-02    6.63292638109160E-02    7.48933176523037E-01    1.84737559666046E-01
8.10473280819199E-03    1.19961945662360E-02    2.18796800013321E-01    7.69207005420442E-01
8.10473280819199E-03    2.18796800013321E-01    7.69207005420442E-01    1.19961945662360E-02
8.10473280819199E-03    7.69207005420442E-01    1.19961945662360E-02    2.18796800013321E-01
8.10473280819199E-03    2.18796800013321E-01    1.19961945662360E-02    7.69207005420442E-01
8.10473280819199E-03    7.69207005420442E-01    2.18796800013321E-01    1.19961945662360E-02
8.10473280819199E-03    1.19961945662360E-02    7.69207005420442E-01    2.18796800013321E-01
7.63412907072500E-03    1.48581005901250E-02    1.01179597136408E-01    8.83962302273466E-01
7.63412907072500E-03    1.01179597136408E-01    8.83962302273466E-01    1.48581005901250E-02
7.63412907072500E-03    8.83962302273466E-01    1.48581005901250E-02    1.01179597136408E-01
7.63412907072500E-03    1.01179597136408E-01    1.48581005901250E-02    8.83962302273466E-01
7.63412907072500E-03    8.83962302273466E-01    1.01179597136408E-01    1.48581005901250E-02
7.63412907072500E-03    1.48581005901250E-02    8.83962302273466E-01    1.01179597136408E-01
4.61876607940000E-05    -3.52220152879490E-02   2.08747552825860E-02    1.01434726000536E+00
4.61876607940000E-05    2.08747552825860E-02    1.01434726000536E+00    -3.52220152879488E-02
4.61876607940000E-05    1.01434726000536E+00    -3.52220152879490E-02   2.08747552825860E-02
4.61876607940000E-05    2.08747552825860E-02    -3.52220152879490E-02   1.01434726000536E+00
4.61876607940000E-05    1.01434726000536E+00    2.08747552825860E-02    -3.52220152879489E-02
4.61876607940000E-05    -3.52220152879490E-02   1.01434726000536E+00    2.08747552825860E-02
