3.30570555416239E-02    3.33333333333332E-01    3.33333333333332E-01    3.33333333333333E-01
8.67019185662999E-04    -1.90092870440000E-03   5.00950464352200E-01    5.00950464352200E-01
8.67019185662999E-04    5.00950464352200E-01    5.00950464352200E-01    -1.90092870440006E-03
8.67019185662999E-04    5.00950464352200E-01    -1.90092870440000E-03   5.00950464352199E-01
1.16600527164480E-02    2.35740841305429E-02    4.88212957934729E-01    4.88212957934728E-01
1.16600527164480E-02    4.88212957934729E-01    4.88212957934729E-01    2.35740841305420E-02
1.16600527164480E-02    4.88212957934729E-01    2.35740841305429E-02    4.88212957934728E-01
2.28769363564210E-02    8.97266360994350E-02    4.55136681950283E-01    4.55136681950282E-01
2.28769363564210E-02    4.55136681950283E-01    4.55136681950283E-01    8.97266360994339E-02
2.28769363564210E-02    4.55136681950283E-01    8.97266360994350E-02    4.55136681950282E-01
3.04489826739379E-02    1.96007481363421E-01    4.01996259318288E-01    4.01996259318290E-01
3.04489826739379E-02    4.01996259318288E-01    4.01996259318288E-01    1.96007481363422E-01
3.04489826739379E-02    4.01996259318288E-01    1.96007481363421E-01    4.01996259318290E-01
3.06248917253550E-02    4.88214180481157E-01    2.55892909759420E-01    2.55892909759421E-01
3.06248917253550E-02    2.55892909759420E-01    2.55892909759420E-01    4.88214180481158E-01
3.06248917253550E-02    2.55892909759420E-01    4.88214180481157E-01    2.55892909759422E-01
2.43680576768000E-02    6.47023488009788E-01    1.76488255995106E-01    1.76488255995105E-01
2.43680576768000E-02    1.76488255995106E-01    1.76488255995106E-01    6.47023488009788E-01
2.43680576768000E-02    1.76488255995106E-01    6.47023488009788E-01    1.76488255995105E-01
1.59974320320240E-02    7.91658289326482E-01    1.04170855336758E-01    1.04170855336759E-01
1.59974320320240E-02    1.04170855336758E-01    1.04170855336758E-01    7.91658289326484E-01
1.59974320320240E-02    1.04170855336758E-01    7.91658289326482E-01    1.04170855336759E-01
7.69830181560200E-03    8.93862072318139E-01    5.30689638409300E-02    5.30689638409300E-02
7.69830181560200E-03    5.30689638409300E-02    5.30689638409300E-02    8.93862072318140E-01
7.69830181560200E-03    5.30689638409300E-02    8.93862072318139E-01    5.30689638409300E-02
-6.32060497487999E-04   9.16762569607942E-01    4.16187151960289E-02    4.16187151960289E-02
-6.32060497487999E-04   4.16187151960289E-02    4.16187151960289E-02    9.16762569607942E-01
-6.32060497487999E-04   4.16187151960289E-02    9.16762569607942E-01    4.16187151960289E-02
1.75113430119299E-03    9.76836157186355E-01    1.15819214068220E-02    1.15819214068220E-02
1.75113430119299E-03    1.15819214068220E-02    1.15819214068220E-02    9.76836157186355E-01
1.75113430119299E-03    1.15819214068220E-02    9.76836157186355E-01    1.15819214068220E-02
1.64658391895760E-02    4.87415836648390E-02    3.44855770229000E-01    6.06402646106160E-01
1.64658391895760E-02    3.44855770229000E-01    6.06402646106160E-01    4.87415836648390E-02
1.64658391895760E-02    6.06402646106160E-01    4.87415836648390E-02    3.44855770229000E-01
1.64658391895760E-02    3.44855770229000E-01    4.87415836648390E-02    6.06402646106160E-01
1.64658391895760E-02    6.06402646106160E-01    3.44855770229000E-01    4.87415836648389E-02
1.64658391895760E-02    4.87415836648390E-02    6.06402646106160E-01    3.44855770229000E-01
4.83903354048500E-03    6.31411594860499E-03    3.77843269594853E-01    6.15842614456540E-01
4.83903354048500E-03    3.77843269594853E-01    6.15842614456540E-01    6.31411594860509E-03
4.83903354048500E-03    6.15842614456540E-01    6.31411594860499E-03    3.77843269594854E-01
4.83903354048500E-03    3.77843269594853E-01    6.31411594860499E-03    6.15842614456541E-01
4.83903354048500E-03    6.15842614456540E-01    3.77843269594853E-01    6.31411594860503E-03
4.83903354048500E-03    6.31411594860499E-03    6.15842614456540E-01    3.77843269594854E-01
2.58049065346500E-02    1.34316520547348E-01    3.06635479062357E-01    5.59048000390295E-01
2.58049065346500E-02    3.06635479062357E-01    5.59048000390295E-01    1.34316520547348E-01
2.58049065346500E-02    5.59048000390295E-01    1.34316520547348E-01    3.06635479062357E-01
2.58049065346500E-02    3.06635479062357E-01    1.34316520547348E-01    5.59048000390295E-01
2.58049065346500E-02    5.59048000390295E-01    3.06635479062357E-01    1.34316520547348E-01
2.58049065346500E-02    1.34316520547348E-01    5.59048000390295E-01    3.06635479062357E-01
8.47109105444100E-03    1.39738939623920E-02    2.49419362774742E-01    7.36606743262866E-01
8.47109105444100E-03    2.49419362774742E-01    7.36606743262866E-01    1.39738939623920E-02
8.47109105444100E-03    7.36606743262866E-01    1.39738939623920E-02    2.49419362774741E-01
8.47109105444100E-03    2.49419362774742E-01    1.39738939623920E-02    7.36606743262866E-01
8.47109105444100E-03    7.36606743262866E-01    2.49419362774742E-01    1.39738939623919E-02
8.47109105444100E-03    1.39738939623920E-02    7.36606743262866E-01    2.49419362774741E-01
1.83549141062799E-02    7.55491329097640E-02    2.12775724802801E-01    7.11675142287434E-01
1.83549141062799E-02    2.12775724802801E-01    7.11675142287434E-01    7.55491329097640E-02
1.83549141062799E-02    7.11675142287434E-01    7.55491329097640E-02    2.12775724802801E-01
1.83549141062799E-02    2.12775724802801E-01    7.55491329097640E-02    7.11675142287434E-01
1.83549141062799E-02    7.11675142287434E-01    2.12775724802801E-01    7.55491329097640E-02
1.83549141062799E-02    7.55491329097640E-02    7.11675142287434E-01    2.12775724802802E-01
7.04404677907999E-04    -8.36815320822699E-03   1.46965436053239E-01    8.61402717154987E-01
7.04404677907999E-04    1.46965436053239E-01    8.61402717154986E-01    -8.36815320822592E-03
7.04404677907999E-04    8.61402717154986E-01    -8.36815320822699E-03   1.46965436053240E-01
7.04404677907999E-04    1.46965436053239E-01    -8.36815320822699E-03   8.61402717154988E-01
7.04404677907999E-04    8.61402717154986E-01    1.46965436053239E-01    -8.36815320822595E-03
7.04404677907999E-04    -8.36815320822699E-03   8.61402717154986E-01    1.46965436053239E-01
1.01126849274620E-02    2.66860632587140E-02    1.37726978828923E-01    8.35586957912362E-01
1.01126849274620E-02    1.37726978828923E-01    8.35586957912363E-01    2.66860632587139E-02
1.01126849274620E-02    8.35586957912363E-01    2.66860632587140E-02    1.37726978828922E-01
1.01126849274620E-02    1.37726978828923E-01    2.66860632587140E-02    8.35586957912362E-01
1.01126849274620E-02    8.35586957912363E-01    1.37726978828923E-01    2.66860632587139E-02
1.01126849274620E-02    2.66860632587140E-02    8.35586957912363E-01    1.37726978828922E-01
3.57390938594999E-03    1.05477192941410E-02    5.96961091490069E-02    9.29756171556851E-01
3.57390938594999E-03    5.96961091490069E-02    9.29756171556852E-01    1.05477192941400E-02
3.57390938594999E-03    9.29756171556852E-01    1.05477192941410E-02    5.96961091490060E-02
3.57390938594999E-03    5.96961091490069E-02    1.05477192941410E-02    9.29756171556851E-01
3.57390938594999E-03    9.29756171556852E-01    5.96961091490069E-02    1.05477192941400E-02
3.57390938594999E-03    1.05477192941410E-02    9.29756171556852E-01    5.96961091490060E-02
