-2.321007072322468332e+02 1.563033528743815452e+02
-2.329847964319219216e+02 1.524403546891849430e+02
-2.354362874377075912e+02 1.409721594878361373e+02
-2.389828756876124771e+02 1.233646571425022103e+02
-2.427891630375538625e+02 1.017056886830375504e+02
-2.456533554232649976e+02 7.823568362271632282e+01
-2.461269349263095592e+02 5.483488699959301016e+01
-2.428032201545742055e+02 3.260465348167398503e+01
-2.347488399798896808e+02 1.168666916132633204e+01
-2.219635499993359531e+02 -8.576732461129356722e+00
-2.056865707270463020e+02 -2.913218345901554684e+01
-1.883625199228679321e+02 -5.047498444938538142e+01
-1.731605318495345500e+02 -7.191820535328902508e+01
-1.630941336592205175e+02 -9.116268222503492780e+01
-1.599644575809686557e+02 -1.044026736634675672e+02
-1.634694469735158577e+02 -1.070363039756793313e+02
-1.708215610219963025e+02 -9.482775622503828572e+01
-1.770769982319289113e+02 -6.517766437290096349e+01
-1.761441689310748870e+02 -1.808433820153021188e+01
-1.621993340036764550e+02 4.353896459196388946e+01
-1.310910852509486801e+02 1.143143033976814991e+02
-8.132150801697312659e+01 1.874845863442978384e+02
-1.434339444579201484e+01 2.563025408875219568e+02
6.585687846054365480e+01 3.153199456595399965e+02
1.537044747665099749e+02 3.612446795760408804e+02
2.431953808094344822e+02 3.932026010230935640e+02
3.289478691473643721e+02 4.124351893572425070e+02
4.069159999016668507e+02 4.216124444046104145e+02
4.746754490229779435e+02 4.240047847136488599e+02
5.313246394945203974e+02 4.227371779820495021e+02
5.771298311412055000e+02 4.202718179640617677e+02
6.130686596270501241e+02 4.181711489887775315e+02
6.404027251394461473e+02 4.171134386157690415e+02
6.603585449012952040e+02 4.170855507417442709e+02
6.739406774193794263e+02 4.176634212870692409e+02
6.818576515781174976e+02 4.183008304981074730e+02
6.845180549669912580e+02 4.185687142604489281e+02
6.820508020379286336e+02 4.183098227091877561e+02
6.743158070151022230e+02 4.176912881293625901e+02
6.608929106557619662e+02 4.171500643368802344e+02
6.410616175061628610e+02 4.172364064037163303e+02
6.138057355040490393e+02 4.183730400253470521e+02
5.778890282849548612e+02 4.205655428460113399e+02
5.320443746614570273e+02 4.231221084716722203e+02
4.752953072815256519e+02 4.244624652794960866e+02
4.073853116558997272e+02 4.221055621527401058e+02
3.292346134571758398e+02 4.129110158270710826e+02
2.432930689644573476e+02 3.936011819876221125e+02
1.536344592826651194e+02 3.615106267872901640e+02
6.566422637593024092e+01 3.154151568376323667e+02
-1.460067980823190226e+01 2.562161397530406930e+02
-8.158790921060015933e+01 1.872364379978098725e+02
-1.313295959470075047e+02 1.139499253290017293e+02
-1.624031099596181491e+02 4.311626570309350370e+01
-1.763396156041207803e+02 -1.851314381578334434e+01
-1.773165892045443570e+02 -6.558356035092525360e+01
-1.711680620210332506e+02 -9.521618013824709692e+01
-1.639762117359139779e+02 -1.074483069171845955e+02
-1.606578574868605358e+02 -1.049053935632595085e+02
-1.639634258685292423e+02 -9.183199205467866477e+01
-1.741579109648569670e+02 -7.281872321292792094e+01
-1.894127999009834014e+02 -5.164305067114275261e+01
-2.067031612190495196e+02 -3.056596864941990077e+01
-2.228660144559414675e+02 -1.023509715960232569e+01
-2.354775712922688911e+02 9.877546262684017364e+00
-2.433282389357250395e+02 3.073966921850838219e+01
-2.464497778921652582e+02 5.301684381532582790e+01
-2.458027796400654097e+02 7.656351407121763941e+01
-2.428125186286841597e+02 1.002659118419937556e+02
-2.389353977124899018e+02 1.222266138432610347e+02
-2.353703795997357417e+02 1.401865032261352439e+02
-2.329408879524262375e+02 1.520396345972385745e+02
-2.321007072322468616e+02 1.563033528743814884e+02
-1.245469068284337197e+02 -2.858334939498438416e+02
-1.197994827968865508e+02 -2.858331806673811570e+02
-1.058460565442421313e+02 -2.856342234007372554e+02
-8.460809374884067324e+01 -2.851920644336520922e+02
-5.887674952990543886e+01 -2.842264283691696392e+02
-3.174467899288517714e+01 -2.820279485292932122e+02
-5.934362555115207272e+00 -2.774034896305573739e+02
1.682607345232980123e+01 -2.688740545050893616e+02
3.618942866580837148e+01 -2.551499853652076979e+02
5.316273739395943920e+01 -2.357782908461675788e+02
6.958437235421310163e+01 -2.117332283452059869e+02
8.718536726627445432e+01 -1.856647067399557613e+02
1.064993295539111386e+02 -1.615782366418960123e+02
1.260095477198269123e+02 -1.439006158290399071e+02
1.419110206580316458e+02 -1.361330875155701392e+02
1.486918484682052508e+02 -1.395070968259410620e+02
1.404500184187128582e+02 -1.521317801015959503e+02
1.125695447271518361e+02 -1.690022255828866946e+02
6.321173459067632905e+01 -1.829545174186019665e+02
-5.886011954108427702e+00 -1.863176278918769526e+02
-8.957850004693858637e+01 -1.727626408485071181e+02
-1.803892365001945279e+02 -1.387886105219566559e+02
-2.701386896491061975e+02 -8.442905443961308265e+01
-3.516190191318285088e+02 -1.304308961572429837e+01
-4.198504838092710543e+02 6.964876642563402243e+01
-4.726443975086957039e+02 1.569224191297537061e+02
-5.104446180598420142e+02 2.423886636949758326e+02
-5.356280067078914726e+02 3.209871899064758622e+02
-5.515528452812861815e+02 3.894781119218798722e+02
-5.616419167734991333e+02 4.464455372039508347e+02
-5.687040458558697082e+02 4.919494561882775656e+02
-5.745827715685520616e+02 5.270101648189066736e+02
-5.801171846289009864e+02 5.530915848557389154e+02
-5.853331856800722335e+02 5.716924868477370865e+02
-5.897584198370634567e+02 5.840872724272462619e+02
-5.927613333262401056e+02 5.912029182880344251e+02
-5.938389162784583277e+02 5.935870432255209153e+02
-5.928052099717218653e+02 5.914150908805551126e+02
-5.898557967532019575e+02 5.844974051377050728e+02
-5.855008933789821413e+02 5.722719422558216138e+02
-5.803746348436013704e+02 5.537973533039133827e+02
-5.749456280872794878e+02 5.277860186650246987e+02
-5.691771218498914777e+02 4.927291568159246822e+02
-5.622127215754180725e+02 4.471588005114974749e+02
-5.521875928881695472e+02 3.900593698533493239e+02
-5.362719267558328511e+02 3.213861555337375080e+02
-5.110278252862864292e+02 2.425805591449661449e+02
-4.730932729698272396e+02 1.569148859437656540e+02
-4.201026887007822097e+02 6.948245009276065787e+01
-3.516384428829782109e+02 -1.330214220198553221e+01
-2.699256150167078658e+02 -8.470475972317089486e+01
-1.799815103403294643e+02 -1.390147191737845276e+02
-8.904178440298619535e+01 -1.729015464939088815e+02
-5.294742702702258441e+00 -1.863718946742238813e+02
6.379748152236419401e+01 -1.829665706058815147e+02
1.131240083811432982e+02 -1.690413310054076987e+02
1.409917664908592769e+02 -1.522718559353758963e+02
1.492802023507531146e+02 -1.398022809753112483e+02
1.426298212050323002e+02 -1.365988853181158333e+02
1.269434030071664381e+02 -1.445064859446544574e+02
1.077096875418752120e+02 -1.622534916849954243e+02
8.869323982270861961e+01 -1.863152653440459972e+02
7.136377780575982399e+01 -2.122637019091167758e+02
5.514523290984929815e+01 -2.361130341687293139e+02
3.827691933962342574e+01 -2.552479967250757795e+02
1.890737863772670835e+01 -2.687351235645761562e+02
-3.967718093528393553e+00 -2.770656615009307302e+02
-2.998671975634719189e+01 -2.815583419786284480e+02
-5.740079707339792492e+01 -2.837083454698349101e+02
-8.346573627762643355e+01 -2.847112513688438185e+02
-1.050698728781644888e+02 -2.852664553777797778e+02
-1.194075132926402176e+02 -2.856344712789103255e+02
-1.245469068284336913e+02 -2.858334939498440690e+02
3.301316337535869820e+02 -1.053131612720288501e+02
3.293338219136762746e+02 -9.964580459826093772e+01
3.267936090194028225e+02 -8.312777134635128107e+01
3.229491200015991694e+02 -5.812752075121232309e+01
3.181448883601825628e+02 -2.814342878221228972e+01
3.122197546394836536e+02 2.846604019578226286e+00
3.042451651019438259e+02 3.120976937129471906e+01
2.926054181277505108e+02 5.450023713437626327e+01
2.755066070274121444e+02 7.208136617696085580e+01
2.518265752159190924e+02 8.526994644042036953e+01
2.220293004271654809e+02 9.682924309861712686e+01
1.887479321635511553e+02 1.098366906050403600e+02
1.566707479170464694e+02 1.262107752521803263e+02
1.315723260144709457e+02 1.453921567057454354e+02
1.186634699369151775e+02 1.637199224436362499e+02
1.207564655662317250e+02 1.748635110529819769e+02
1.369031112012171434e+02 1.713049532868519407e+02
1.620635472649163944e+02 1.464549469297516566e+02
1.880215302812735558e+02 9.670982193866943533e+01
2.053112871233000192e+02 2.274509069405600314e+01
2.055532150539848999e+02 -7.039269059091373038e+01
1.834640112062617447e+02 -1.744043412996365419e+02
1.379548007007780370e+02 -2.796642834359499830e+02
7.207819405279001046e+01 -3.773211034687584515e+02
-8.023747825589452987e+00 -4.609571587681689948e+02
-9.473631139278717228e+01 -5.274173454892699056e+02
-1.806296128277263620e+02 -5.767326224594258974e+02
-2.597288037522090463e+02 -6.113404552121406823e+02
-3.281761453721111366e+02 -6.349562757675116700e+02
-3.842854561502543334e+02 -6.514581324890361884e+02
-4.281494927894427747e+02 -6.640475739416733632e+02
-4.610271426664830869e+02 -6.748058090012913226e+02
-4.847187473365480628e+02 -6.846325602475977803e+02
-5.010677153875253111e+02 -6.934694419711961473e+02
-5.116427271626488960e+02 -7.006770919323799944e+02
-5.175859225073099879e+02 -7.054436427478092355e+02
-5.195727174229210732e+02 -7.071319714701304520e+02
-5.178198791830893697e+02 -7.055072568642079887e+02
-5.120939567759741067e+02 -7.008148323974169216e+02
-5.017026462392873896e+02 -6.936994518435767532e+02
-4.854870918940981142e+02 -6.849751068274030104e+02
-4.618634602777082705e+02 -6.752757766725852662e+02
-4.289772884373832085e+02 -6.646461074867225989e+02
-3.850246431655402262e+02 -6.521651914296267023e+02
-3.287538553398353542e+02 -6.357263338099780867e+02
-2.600922340394548087e+02 -6.121035891075047175e+02
-1.807581759146341369e+02 -5.774024622013982935e+02
-9.464934074866634717e+01 -5.279056772003646074e+02
-7.780067532336779834e+00 -4.611926410568006531e+02
7.239096212096004024e+01 -3.772672969387592161e+02
1.382403191214987714e+02 -2.793310291362538464e+02
1.836422129635631393e+02 -1.738473783304129938e+02
2.055829022506600268e+02 -6.969954620586200633e+01
2.052025318736408792e+02 2.348023792883759953e+01
1.878325967318037328e+02 9.741512977208417112e+01
1.618820898017848151e+02 1.471042942764860300e+02
1.368171074473194722e+02 1.719274956388412079e+02
1.208243225679190971e+02 1.755357276856746864e+02
1.188932132619614208e+02 1.645426010922874980e+02
1.319164979551840133e+02 1.464599339988416773e+02
1.570380375487521292e+02 1.275839902558603569e+02
1.890270099801153378e+02 1.115237649384398537e+02
2.221169620012814789e+02 9.878355208466345516e+01
2.516520552642828079e+02 8.740015804725365456e+01
2.750463398142987899e+02 7.427042750424351425e+01
2.918861953493186547e+02 5.662665951184405344e+01
3.033370478587899015e+02 3.316558689062579646e+01
3.112222131531404443e+02 4.548548479319293847e+00
3.171702030018748246e+02 -2.675043702772713061e+01
3.221064188228393164e+02 -5.707336238260537442e+01
3.261756598755990808e+02 -8.242415592304962502e+01
3.290074334311086091e+02 -9.929453793053903610e+01
3.301316337535869820e+02 -1.053131612720288501e+02
1.132793088127024248e+02 3.657850625849158064e+02
1.064587710028619654e+02 3.645154709627234411e+02
8.670344403381254494e+01 3.606317385430058380e+02
5.690777484915665951e+01 3.550123326548433624e+02
2.139733160682364144e+01 3.485443886570268432e+02
-1.482438680725232949e+01 3.414829708056545883e+02
-4.708333567486266702e+01 3.329808679827996230e+02
-7.212772018556611897e+01 3.210662771579731043e+02
-8.901038960803788314e+01 3.032202041031223985e+02
-9.940538674487946480e+01 2.774765919977446060e+02
-1.070860617884052033e+02 2.437030283147594218e+02
-1.165410039586303839e+02 2.045323302121230995e+02
-1.310550565276732300e+02 1.654222070619073577e+02
-1.508907026900768074e+02 1.335748177628043720e+02
-1.723030223003906372e+02 1.158881382112439269e+02
-1.879110402344077784e+02 1.165617738003326309e+02
-1.884722007394382786e+02 1.352257007530809005e+02
-1.655506574003167657e+02 1.663563969270738880e+02
-1.141820788919429788e+02 2.003040975341137937e+02
-3.460259774798818455e+01 2.256562332672856428e+02
6.754950980529807225e+01 2.321656939261814898e+02
1.825855874876759231e+02 2.132898507388053986e+02
2.991554832814327938e+02 1.675777256661879164e+02
4.068554445074520345e+02 9.859907298794556141e+01
4.982664538425018463e+02 1.361964155963583778e+01
5.699348921642143750e+02 -7.841173082762128388e+01
6.222191726153597529e+02 -1.688938676945185478e+02
6.582779818537139818e+02 -2.510883736711031702e+02
6.826590140877597150e+02 -3.208600002670909248e+02
6.999429190879475300e+02 -3.766664225125816188e+02
7.137594261790414976e+02 -4.190177647347077254e+02
7.263052142817091408e+02 -4.496984017241546212e+02
7.383293835811023200e+02 -4.710085857155393114e+02
7.494523282795755676e+02 -4.851875095683802215e+02
7.586521912333237196e+02 -4.940717095548021121e+02
7.647712796468032366e+02 -4.989582032118076995e+02
7.669364318943968328e+02 -5.005959929751911091e+02
7.648303532219312046e+02 -4.992222656035880846e+02
7.587837558148078188e+02 -4.945816678633806873e+02
7.496798375282373854e+02 -4.859064915034482510e+02
7.386798051071493774e+02 -4.718806651765295328e+02
7.268000035976255049e+02 -4.506497383815902822e+02
7.144042644018394412e+02 -4.199607420922829988e+02
7.007182691271086696e+02 -3.775079675708992681e+02
6.835142287314133682e+02 -3.215142715643372640e+02
6.591318450523018555e+02 -2.514923983278770265e+02
6.229689311308170545e+02 -1.690228522502910096e+02
5.704738175328975558e+02 -7.828935115887514939e+01
4.985070274953149010e+02 1.392079555626501275e+01
4.067522653984605654e+02 9.896990761497644939e+01
2.987202990457840315e+02 1.678971704698336964e+02
1.818877187835932716e+02 2.134560749615838802e+02
6.669883585840099727e+01 2.321247990504974155e+02
-3.548690784256389463e+01 2.254183280411986630e+02
-1.150080047452739507e+02 1.999397964671038324e+02
-1.662827698601129214e+02 1.659732982129029892e+02
-1.891434899028560039e+02 1.349318715638748358e+02
-1.886124864106927532e+02 1.164284764340436880e+02
-1.731543229961107784e+02 1.159245474659281143e+02
-1.520022713984825771e+02 1.337229979184104707e+02
-1.324939624333478037e+02 1.655731407376436266e+02
-1.183111384806384763e+02 2.045565844779513327e+02
-1.091269582594259901e+02 2.434855546254958085e+02
-1.016075422527564172e+02 2.769453238244544764e+02
-9.124023379886857299e+01 3.023617164645854132e+02
-7.425385507941577146e+01 3.199267753282067588e+02
-4.899710732651749368e+01 3.316550950596032976e+02
-1.645099186439410488e+01 3.400960037177773074e+02
2.009762660080435737e+01 3.472315445491175296e+02
5.594618041500159933e+01 3.539011448127392327e+02
8.607354828229897237e+01 3.598280943240734473e+02
1.061482235889501595e+02 3.640943207856880690e+02
1.132793088127024248e+02 3.657850625849158632e+02
-3.863704167450170530e+02 1.639978468213026304e+02
-3.853511955454911231e+02 1.556197284258758486e+02
-3.822540975524902365e+02 1.314579096268683713e+02
-3.781953344561933363e+02 9.514024160253919149e+01
-3.742696500126066894e+02 5.210076007284015276e+01
-3.707007112814163747e+02 8.638765443435485025e+00
-3.662138645960964141e+02 -2.936145743164972544e+01
-3.580001008149512245e+02 -5.783948871266621694e+01
-3.424751424074017905e+02 -7.570942796267331687e+01
-3.167322320056947547e+02 -8.527954966282646865e+01
-2.802319521088620036e+02 -9.157653443196274168e+01
-2.360236289084750751e+02 -1.005447533573075845e+02
-1.908101879220338049e+02 -1.165623768135194638e+02
-1.535206730386538538e+02 -1.401217995202541715e+02
-1.326491349209038333e+02 -1.666343762551954057e+02
-1.332095396531118183e+02 -1.870135705659105838e+02
-1.544515010850234091e+02 -1.900397229614135313e+02
-1.892984251582552702e+02 -1.657797011879278273e+02
-2.258499993131387669e+02 -1.088623617532099246e+02
-2.504977207238800929e+02 -2.042756799144651225e+01
-2.515900373119598044e+02 9.192772815331684910e+01
-2.224172132006207505e+02 2.161205212038460388e+02
-1.626105985393194828e+02 3.387049918282683052e+02
-7.768697902911515030e+01 4.480608852823864368e+02
2.287870187481486184e+01 5.366799503640239664e+02
1.282573579081541482e+02 6.020298583594774300e+02
2.286925579787221636e+02 6.460184280866811832e+02
3.171363088603196161e+02 6.735009611870870003e+02
3.898621040517913343e+02 6.904499274947451113e+02
4.461776969166685944e+02 7.023424952130155816e+02
4.875750953863246195e+02 7.131077832163988433e+02
5.167034179807675400e+02 7.247277053281220560e+02
5.364700852787118492e+02 7.373917985092489289e+02
5.494351394284072967e+02 7.500066323662135801e+02
5.575249166269353509e+02 7.608480629459043030e+02
5.619934522555063268e+02 7.681876966067302419e+02
5.635151098313137936e+02 7.707867955026331401e+02
5.622937592525655646e+02 7.682044792082853064e+02
5.581081287309511936e+02 7.609005970391120854e+02
5.502650272609832882e+02 7.501290855646453792e+02
5.374896605038595681e+02 7.376260932847346794e+02
5.178341809700904150e+02 7.251128261967645585e+02
4.887195553089161422e+02 7.136669596335543702e+02
4.472270563527712284e+02 7.030704139886443045e+02
3.907099645561519310e+02 6.913031959717058044e+02
3.176973434301926318e+02 6.743956151005927495e+02
2.289226391686449062e+02 6.468377188782196754e+02
1.281694199107778900e+02 6.026434147138844537e+02
2.254778266192143477e+01 5.369718028404478218e+02
-7.813448349468441734e+01 4.479597214155551228e+02
-1.630241233675831722e+02 3.382070732353413405e+02
-2.226602383814931443e+02 2.152957972305492547e+02
-2.515783342517653693e+02 9.090383514838237033e+01
-2.502243513976485190e+02 -2.150126507554662680e+01
-2.253866966317772551e+02 -1.098604197536241429e+02
-1.887708001823535824e+02 -1.666405859756048642e+02
-1.539954024616414756e+02 -1.907855515062857990e+02
-1.329235302139377382e+02 -1.877419704271859473e+02
-1.325598365221986512e+02 -1.674852156674458570e+02
-1.535727264418220273e+02 -1.412308317040585166e+02
-1.908830904289160912e+02 -1.180179965759406713e+02
-2.359680584276169100e+02 -1.023616203308371837e+02
-2.799123773564141402e+02 -9.369245127803893070e+01
-3.160624362370664926e+02 -8.757334249052811970e+01
-3.414378147457416048e+02 -7.803124617257560658e+01
-3.566481733087053954e+02 -6.004281551089571423e+01
-3.646569417976562022e+02 -3.132796097017419967e+01
-3.690830104634889040e+02 6.986297835121803246e+00
-3.727460967521745374e+02 5.079778338744603161e+01
-3.769106959814604352e+02 9.418927392572125257e+01
-3.813275354098767593e+02 1.308424476650101553e+02
-3.848664324625905238e+02 1.553188364869759823e+02
-3.863704167450169962e+02 1.639978468213026304e+02
-2.682703011336412828e+02 -3.684400552542693390e+02
-2.580202763041469325e+02 -3.690771587641292513e+02
-2.285657408584191046e+02 -3.708456773926004644e+02
-1.845723317961413557e+02 -3.745905332754301753e+02
-1.329497666425993998e+02 -3.808141773207813117e+02
-8.155347141249524157e+01 -3.887142560858916909e+02
-3.747633806462915373e+01 -3.955630270406841191e+02
-5.251362162589924054e+00 -3.968782876170629947e+02
1.450201639231175932e+01 -3.875916760116098203e+02
2.538540304617361798e+01 -3.640036653543195371e+02
3.408033364598183823e+01 -3.258642125610197695e+02
4.784148518335404532e+01 -2.776504983506742974e+02
7.132506364983316871e+01 -2.282266192797278563e+02
1.039165497652888490e+02 -1.886160342483895249e+02
1.387440636348142107e+02 -1.684215904613370185e+02
1.640326786599080435e+02 -1.721318245511998271e+02
1.665397355041641845e+02 -1.967833531412241825e+02
1.359117924709668443e+02 -2.320323122483071927e+02
6.835505053334762238e+01 -2.627680559858662264e+02
-3.175469882719311698e+01 -2.733902675177385504e+02
-1.528816073755757827e+02 -2.522312357419375530e+02
-2.795038940464274901e+02 -1.946139103761925639e+02
-3.962391598153399741e+02 -1.036475692008870624e+02
-4.914999194738198867e+02 1.124189131915969853e+01
-5.596143740559878097e+02 1.372762655038842468e+02
-6.010333098244111625e+02 2.616498008059893436e+02
-6.209310616002535426e+02 3.741891944346303944e+02
-6.269387953127841229e+02 4.687602424126541791e+02
-6.268287450903144418e+02 5.433574675068091437e+02
-6.267650138996693840e+02 5.992170803116312072e+02
-6.304028463042284329e+02 6.394736846621087807e+02
-6.388056221905121674e+02 6.678472031940387978e+02
-6.509502879912918161e+02 6.876796998217560031e+02
-6.645282907297735164e+02 7.014390942657977348e+02
-6.767881439581814220e+02 7.106406291885654127e+02
-6.852540673895380223e+02 7.160403372412840781e+02
-6.882444616776183466e+02 7.179271594838643296e+02
-6.851751101951859937e+02 7.163633474201866420e+02
-6.766568498166457175e+02 7.112747766071682918e+02
-6.643942840322989696e+02 7.023576305284735781e+02
-6.508787084283072772e+02 6.888360652810182501e+02
-6.388655766416596862e+02 6.691702169172956474e+02
-6.306522538346124520e+02 6.408656554505769236e+02
-6.272335578659650537e+02 6.005578075864673337e+02
-6.275022857468102302e+02 5.445163295810673389e+02
-6.277500089403979473e+02 4.696165859272699663e+02
-6.217613773176410632e+02 3.746581654532061521e+02
-6.017295607909378532e+02 2.617073488869544349e+02
-5.600196463640974116e+02 1.369746986082432727e+02
-4.914925920129385304e+02 1.070768805572097904e+01
-3.957690124950332802e+02 -1.042379252043695743e+02
-2.786120514739859573e+02 -1.950769676301846971e+02
-1.516940957842505213e+02 -2.524271297215949517e+02
-3.044767550278992729e+01 -2.732640028606087981e+02
6.960938980517742891e+01 -2.623654756473151224e+02
1.370007016594133802e+02 -2.314826295071604250e+02
1.674465858952118538e+02 -1.962526326131378767e+02
1.648408215116567703e+02 -1.717635424816290879e+02
1.396063911388262682e+02 -1.682858375243728233e+02
1.050024481835744581e+02 -1.886853541465888782e+02
7.276438525898421972e+01 -2.283856326749653647e+02
4.968463482316049351e+01 -2.777335291079875788e+02
3.628561934385499654e+01 -3.257058628246647345e+02
2.783376407214945658e+01 -3.634850318172013317e+02
1.703010954638448737e+01 -3.866693338924613954e+02
-2.812802169444406530e+00 -3.955911445250243332e+02
-3.527063573358721271e+01 -3.940197990570402453e+02
-7.967963934676103577e+01 -3.870689626210069605e+02
-1.314590279568841424e+02 -3.792379837017837758e+02
-1.834765910649056195e+02 -3.732464012507064695e+02
-2.278528383447779220e+02 -3.698692165800615044e+02
-2.576705980107129790e+02 -3.685642477862903661e+02
-2.682703011336413965e+02 -3.684400552542698506e+02
2.640623449765821533e+02 -4.129548172715170153e+02
2.686757926482102334e+02 -4.014023108298909506e+02
2.819674942563028139e+02 -3.683578503221870051e+02
3.034680671423283229e+02 -3.196710595058882518e+02
3.315323330597766471e+02 -2.637613619836031376e+02
3.625491296468069891e+02 -2.097388678142086746e+02
3.907156351319521264e+02 -1.651237439788144172e+02
4.088370595602250432e+02 -1.337041658334472913e+02
4.102313402813612129e+02 -1.142658239509375449e+02
3.912660014429997659e+02 -1.008768919872270686e+02
3.535546803053554186e+02 -8.500441658973559811e+01
3.046791712025500374e+02 -5.903012839053434391e+01
2.566763448057786832e+02 -1.999808739238978461e+01
2.223919317565153335e+02 2.794685965610225153e+01
2.108165671999282154e+02 7.368471238363386533e+01
2.231814801304766718e+02 1.021241968853200888e+02
2.515012517668222358e+02 9.917457649124726515e+01
2.803618366882810733e+02 5.684664321114670571e+01
2.914376313275039934e+02 -2.350823999761640337e+01
2.690975833892185847e+02 -1.310848777754223988e+02
2.050547065536555920e+02 -2.486341322419653750e+02
1.004851118325912864e+02 -3.573855917541648068e+02
-3.488097765271314898e+01 -4.420555132563413281e+02
-1.860415373639123970e+02 -4.942892747235314346e+02
-3.369889570243090020e+02 -5.136737446720547950e+02
-4.744815363667677843e+02 -5.064274205642698234e+02
-5.903049419453802784e+02 -4.826143569571545413e+02
-6.817220602178119861e+02 -4.530027085586557405e+02
-7.504463102442016407e+02 -4.265154829698199137e+02
-8.008257045101831864e+02 -4.087863590312213091e+02
-8.379550845852427301e+02 -4.018671706382569937e+02
-8.662343123606403879e+02 -4.048036012648153132e+02
-8.886026324893593937e+02 -4.146636027105504922e+02
-9.064241181288430198e+02 -4.276399697374559423e+02
-9.198392952659925186e+02 -4.399791756538825780e+02
-9.283408717586152079e+02 -4.486358700812999700e+02
-9.313497681008154814e+02 -4.516636822631797941e+02
-9.286249576622905124e+02 -4.484064786740897830e+02
-9.204089769153645193e+02 -4.395530831394867164e+02
-9.072774406688172348e+02 -4.270804200075037329e+02
-8.897252001675008160e+02 -4.140592746933610897e+02
-8.675883551194224310e+02 -4.042592053005703292e+02
-8.394697322327991742e+02 -4.014887373527410546e+02
-8.023925018611497535e+02 -4.086614474826301375e+02
-7.519240755836663084e+02 -4.266907043912174800e+02
-6.829538306848335196e+02 -4.534635518189363665e+02
-5.911466025192513598e+02 -4.832742899802900638e+02
-4.748371400429361984e+02 -5.071332787584952939e+02
-3.368430639150109300e+02 -5.142313768309825264e+02
-1.854763327038895397e+02 -4.945071946315028981e+02
-3.406771228062147117e+01 -4.417964749407339013e+02
1.013237294495986731e+02 -3.566097729237810086e+02
2.057036834880925653e+02 -2.474166755548181982e+02
2.694124394709430135e+02 -1.295970995661631378e+02
2.913881143051593199e+02 -2.196469289209546716e+01
2.800384262999716043e+02 5.825879797261118398e+01
2.510796666878316898e+02 1.003585257630441845e+02
2.228571666931990762e+02 1.031048941091246292e+02
2.107335623007300001e+02 7.459693780486577452e+01
2.225925097780424835e+02 2.898539499261757157e+01
2.570886122397950544e+02 -1.864623926998195813e+01
3.051440348385725656e+02 -5.724636365250569980e+01
3.538789613005353090e+02 -8.277240897578874979e+01
3.912810613115179308e+02 -9.828259067830282447e+01
4.098382636532439278e+02 -1.114693995685470469e+02
4.080276239525503570e+02 -1.308978740881464375e+02
3.895682223797618349e+02 -1.624909666571618061e+02
3.612062013593594543e+02 -2.074253763356410900e+02
3.301691598881782284e+02 -2.618632464455939726e+02
3.022614671180875234e+02 -3.182377662661952513e+02
2.810701571071779767e+02 -3.674050760906828259e+02
2.681982758313652653e+02 -4.009283659811190432e+02
2.640623449765823239e+02 -4.129548172715168448e+02
5.223391532008242848e+02 1.834078342995729116e+01
5.124848593813625257e+02 2.952647668469253261e+01
4.845642891150870355e+02 6.166821838090422858e+01
4.448663330532393729e+02 1.113541816458113658e+02
4.019330793942601758e+02 1.725419005849477401e+02
3.640311838961704325e+02 2.365656525422937477e+02
3.364476914844515818e+02 2.930077986756489850e+02
3.194664476185794229e+02 3.316981863249961293e+02
3.079135049890406890e+02 3.455536513468859425e+02
2.928145099665210864e+02 3.333452867065241776e+02
2.649650324964711672e+02 3.011156347499688763e+02
2.193044280510790713e+02 2.611671902588797138e+02
1.583397266227609066e+02 2.283859334865191499e+02
9.292154501252731791e+01 2.148695472550017200e+02
3.958001608730525334e+01 2.248287410570731026e+02
1.508167279225677326e+01 2.519400352547346529e+02
3.019851759639307431e+01 2.805097849886245172e+02
8.519398108162575056e+01 2.902614277739992303e+02
1.689110429935301454e+02 2.630034482792610220e+02
2.618624357167432777e+02 1.886355096013793116e+02
3.420862359984839713e+02 6.828204552151323981e+01
3.915093274221902107e+02 -8.639691448615121772e+01
4.005684985407042973e+02 -2.571218017189867737e+02
3.697544465622855796e+02 -4.244199296758449691e+02
3.080448968134941765e+02 -5.725664273923074461e+02
2.292730886518315572e+02 -6.925731639919494000e+02
1.479489035203500862e+02 -7.827189802230591340e+02
7.587037608476897788e+01 -8.470317220882448055e+02
2.026909315511509035e+01 -8.926728000680902824e+02
-1.644156707679412577e+01 -9.272478312982996158e+02
-3.573773088345161852e+01 -9.567892485258147417e+02
-4.149697142494349578e+01 -9.847375136857283451e+02
-3.851205681583316931e+01 -1.011873512573482913e+03
-3.136067414559466116e+01 -1.036927399288822926e+03
-2.374999657700164235e+01 -1.057520375450264964e+03
-1.827288993302426334e+01 -1.071139645585532207e+03
-1.641684416824553949e+01 -1.075939816676251667e+03
-1.865338860981240998e+01 -1.071255506242672482e+03
-2.448242366632155509e+01 -1.057774588529864559e+03
-3.238655057058154796e+01 -1.037358952261056402e+03
-3.974176426358933156e+01 -1.012526225682920995e+03
-4.281123035527648568e+01 -9.856437296788194544e+02
-3.699488239805659617e+01 -9.579511427875989966e+02
-1.749316293773102871e+01 -9.286202905924592415e+02
1.955390495937566087e+01 -8.941533745087378975e+02
7.557458947153881468e+01 -8.484636349703333735e+02
1.480785028267446251e+02 -7.839115188739676796e+02
2.297391723045882372e+02 -6.933393582396683996e+02
3.086674799290425995e+02 -5.727712772345198573e+02
3.702939923388920533e+02 -4.240256628778537333e+02
4.007822628509821925e+02 -2.562130519971561284e+02
3.912185541173939782e+02 -8.517151662461398587e+01
3.412319149506045619e+02 6.956068685564162024e+01
2.605268822044876060e+02 1.897134920991935019e+02
1.672924743416041622e+02 2.637143506331767639e+02
8.353901070299106379e+01 2.905777917340497538e+02
2.871561392103687638e+01 2.805465980791475431e+02
1.386815465654807333e+01 2.519072314836095359e+02
3.859058505376869164e+01 2.249507248509389967e+02
9.198926919754889298e+01 2.153031079440461042e+02
1.572389555917321218e+02 2.291672652106475425e+02
2.178295605412163241e+02 2.622049832513969250e+02
2.629959766199519891e+02 3.022277671005396655e+02
2.903488440972431022e+02 3.343208729940888588e+02
3.050607669253246286e+02 3.462162690353200105e+02
3.164139363920963888e+02 3.319504633520182324e+02
3.334143668611262683e+02 2.928479981994324817e+02
3.612256789406845314e+02 2.360777489474722017e+02
3.995259710877577959e+02 1.718677574967252895e+02
4.429793989130424734e+02 1.106585264169275149e+02
4.832735402162916785e+02 6.110527440107359354e+01
5.118310552554164587e+02 2.921354943787159897e+01
5.223391532008247395e+02 1.834078342995731248e+01
3.453053264226981582e+02 4.323269823355341259e+02
3.278219520115860064e+02 4.308246263909608729e+02
2.779315415088759664e+02 4.270898420140754865e+02
2.032034323802659799e+02 4.250681377345956662e+02
1.153365445093456856e+02 4.291233787437438423e+02
2.847182441605923842e+01 4.414817500114343716e+02
-4.350265917996351561e+01 4.600961965943563428e+02
-9.034098738406704854e+01 4.779875747202234493e+02
-1.086109557023962111e+02 4.847661480526691093e+02
-1.033327370081643863e+02 4.702414210318333971e+02
-8.692275948544917696e+01 4.290089199956265134e+02
-7.514038328565854385e+01 3.641205356429059634e+02
-8.105789317618636858e+01 2.879072494229455970e+02
-1.092484149937635465e+02 2.189646405139425553e+02
-1.527157937001021253e+02 1.759551550013842416e+02
-1.942184006192894117e+02 1.704774309730019297e+02
-2.118384872100195366e+02 2.019474143759927074e+02
-1.867534120400900974e+02 2.567697761335115274e+02
-1.101325628597271020e+02 3.123008606419180637e+02
1.355038947963832996e+01 3.440713772918995232e+02
1.679312216744332034e+02 3.334370635969915497e+02
3.300640277085483945e+02 2.728351848259530925e+02
4.773580175630772828e+02 1.670273065173478813e+02
5.935504057654362668e+02 3.042547374908707170e+01
6.718823373570544391e+02 -1.179914661817570050e+02
7.149709206906941290e+02 -2.600984546274769400e+02
7.321042247356220969e+02 -3.826389000015148554e+02
7.353627992085744154e+02 -4.789735632973589077e+02
7.359794240453855991e+02 -5.486563393029160807e+02
7.418781659123294503e+02 -5.955790754162333087e+02
7.567020523278231394e+02 -6.256347109791918228e+02
7.801186773367372780e+02 -6.446863244992814543e+02
8.089204295300698959e+02 -6.572807000640641490e+02
8.384079601819740901e+02 -6.661881937270604794e+02
8.636754835723382939e+02 -6.725975885608547742e+02
8.805989371752561965e+02 -6.766772632384913777e+02
8.864824140847995295e+02 -6.782087092335960961e+02
8.804051308114205767e+02 -6.770603251652042900e+02
8.633275133237343653e+02 -6.733590696450394262e+02
8.379814671971801090e+02 -6.673130063666588967e+02
8.085188603448464164e+02 -6.587331142451050709e+02
7.798592548607109620e+02 -6.463982515645126341e+02
7.566952245481538739e+02 -6.274967498000498836e+02
7.422016769125430073e+02 -5.974394934723835604e+02
7.366510487825369182e+02 -5.503328066444501019e+02
7.363189492855198068e+02 -4.802800963064645430e+02
7.331936003192554381e+02 -3.834258108724304748e+02
7.159713656454605371e+02 -2.602968950283584491e+02
6.725437755353433431e+02 -1.176485205866926407e+02
5.936575444281130558e+02 3.113713413505202610e+01
4.767961513872686510e+02 1.678366556365127735e+02
3.288645700925695792e+02 2.734368110654389739e+02
1.662754524347282086e+02 3.335762504766265124e+02
1.172237451247378992e+01 3.436219523149757151e+02
-1.118331242708170947e+02 3.113049061382990885e+02
-1.881089050481861022e+02 2.554197293644164120e+02
-2.127842803995596910e+02 2.005134282749743591e+02
-1.948581751307957290e+02 1.692063765982247787e+02
-1.532750120213925413e+02 1.749805953233550611e+02
-1.099855014349446662e+02 2.182624891415112813e+02
-8.216933729740009085e+01 2.873117720120750391e+02
-7.669575172409672348e+01 3.633900428769463815e+02
-8.884995807313106297e+01 4.279122118578090408e+02
-1.054517992500274772e+02 4.686322560504882517e+02
-1.106969382899347067e+02 4.826230629321063930e+02
-9.218994826472112436e+01 4.754132050017587403e+02
-4.497935005754801807e+01 4.572852755555837803e+02
2.741480697192191229e+01 4.386746195978655578e+02
1.146669574787408408e+02 4.265612954518992979e+02
2.028362314949738447e+02 4.229606801459872827e+02
2.777633037008957331e+02 4.255973021370022593e+02
3.277633451672199953e+02 4.300525043686193385e+02
3.453053264226983856e+02 4.323269823355342396e+02
-1.591859693769574591e+00 5.816799823000332026e+02
-1.510531432115069528e+01 5.667518542613184991e+02
-5.419494094118635985e+01 5.247955885136241250e+02
-1.158718138432789004e+02 4.652429503626533460e+02
-1.940447262658844352e+02 4.012247619153434925e+02
-2.787735229713832155e+02 3.460542690591589121e+02
-3.567315069906933331e+02 3.092216041224837682e+02
-4.135024493500809513e+02 2.930492300640243002e+02
-4.375230567671219433e+02 2.913674893481662593e+02
-4.244635549509135330e+02 2.912277062515996136e+02
-3.801197158160863410e+02 2.776627162491173522e+02
-3.199895878072084088e+02 2.401124146030537077e+02
-2.648350141331472969e+02 1.780091048405099343e+02
-2.333296364677045744e+02 1.028831700450552091e+02
-2.345191212663773399e+02 3.552862832268610305e+01
-2.633334118625015208e+02 -1.122063696938974120e+00
-3.013505133290966569e+02 9.283999191106278914e+00
-3.228032598163769080e+02 6.981178206710541190e+01
-3.035118613437281851e+02 1.683680288307226647e+02
-2.291758407645745308e+02 2.814014817889951701e+02
-9.986265618947007283e+01 3.815403947839791954e+02
7.069767096829451702e+01 4.460433569106433538e+02
2.602096212992307187e+02 4.629356733071752501e+02
4.449267245201463084e+02 4.330024562040625256e+02
6.060498862503021655e+02 3.676373920263608852e+02
7.334548172259821968e+02 2.840265444147350991e+02
8.261449123075209400e+02 1.997440314379149129e+02
8.900707757028507103e+02 1.285265614803987546e+02
9.346435436494198257e+02 7.813989938141108382e+01
9.693028709918210097e+02 5.033137594701712914e+01
1.001074843531535066e+03 4.223278025763102761e+01
1.033472988460384613e+03 4.836258714786590929e+01
1.066608836326727442e+03 6.250360584352248594e+01
1.098109268441667382e+03 7.903504198883810261e+01
1.124383718166618110e+03 9.361464316234919636e+01
1.141870218548259345e+03 1.033355828317500027e+02
1.148025405596374185e+03 1.065911622713379927e+02
1.141943371461766901e+03 1.028828580742664514e+02
1.124562416740609933e+03 9.273780464725052752e+01
1.098451410378140963e+03 7.779426591840457661e+01
1.067184100968724806e+03 6.099469973529312483e+01
1.034342903822910330e+03 4.671875065301438212e+01
1.002268701506096477e+03 4.061973939377324427e+01
9.707937906067974154e+02 4.893190636607327804e+01
9.363314209256623144e+02 7.712590829586301311e+01
8.917802762223484478e+02 1.280210748314378009e+02
8.276455094676307453e+02 1.997809802621116546e+02
7.345049657199517696e+02 2.845213250141864023e+02
6.064589068916591259e+02 3.683829909795902608e+02
4.446181872085649047e+02 4.337017849064888537e+02
2.592633430763459046e+02 4.632697895549461009e+02
6.934879659023290799e+01 4.457600505686145880e+02
-1.012770691326664121e+02 3.805343967578733668e+02
-2.303121990984478202e+02 2.797539579716603839e+02
-3.041265926590510844e+02 1.663238951108409083e+02
-3.228299275053990982e+02 6.769676524199401513e+01
-3.009147295949143199e+02 7.389687900025041500e+00
-2.626970760154323443e+02 -2.640834817494365883e+00
-2.339755809686065788e+02 3.435405388057964160e+01
-2.330923668713281245e+02 1.018573862632406417e+02
-2.649637370857821566e+02 1.768540342645803207e+02
-3.203793395746205306e+02 2.385722019318785954e+02
-3.805504463186678663e+02 2.755906718565739766e+02
-4.246844887806356610e+02 2.886266141187123822e+02
-4.373371251065777301e+02 2.883771965232599541e+02
-4.128227639952501704e+02 2.898960647545975462e+02
-3.555977386644303238e+02 3.061544755726281437e+02
-2.773322535128875188e+02 3.432906514017138875e+02
-1.925078426968983365e+02 3.989201543816377580e+02
-1.144689353750945884e+02 4.634859045371755428e+02
-5.313180571868250723e+01 5.236217624146258913e+02
-1.453376796421657424e+01 5.661666981696218954e+02
-1.591859693769645645e+00 5.816799823000333163e+02
-2.844906463072467204e+02 5.350643573168213152e+02
-2.886492799844235151e+02 5.130938598206545294e+02
-3.015350510156872019e+02 4.507813088423093291e+02
-3.260574383931048601e+02 3.588012432346886271e+02
-3.644063126757337727e+02 2.531917386998361792e+02
-4.151733523802550394e+02 1.524939265771962482e+02
-4.713367864604414308e+02 7.367525017440433999e+01
-5.204190508143577745e+02 2.754959101439566638e+01
-5.474664422586345154e+02 1.511935379942497448e+01
-5.403009706535801797e+02 2.656261983766909651e+01
-4.951802883500831740e+02 4.404813510589664816e+01
-4.202576209602550534e+02 4.814163688042523859e+01
-3.346625977444612090e+02 2.579154594421724767e+01
-2.627091207916870417e+02 -2.332344758175529620e+01
-2.250248641559629732e+02 -8.510646664434129605e+01
-2.301356157113418419e+02 -1.352678021588701256e+02
-2.702038740011319078e+02 -1.481042750731739943e+02
-3.229721909990145718e+02 -1.063181405150802732e+02
-3.592541296267989992e+02 -7.808674493744182321e+00
-3.529080220531404279e+02 1.332746821078881965e+02
-2.893058599742524848e+02 2.913794696436104346e+02
-1.692271762632758794e+02 4.380160376385699692e+02
-7.260264553268641841e+00 5.503571533136494054e+02
1.739589195158202699e+02 6.169109727329202997e+02
3.510058357005747212e+02 6.388095418924574460e+02
5.057381898015883053e+02 6.271230658869234276e+02
6.285041286813379884e+02 5.979083922807396902e+02
7.181970059088748712e+02 5.670456869338875094e+02
7.799806915993717666e+02 5.464342209875441085e+02
8.220137792990647085e+02 5.422341376487133857e+02
8.524042306974484973e+02 5.550071796543533083e+02
8.771645826052044868e+02 5.811045458893258910e+02
8.993979358346589379e+02 6.145306868003680165e+02
9.195313386045163497e+02 6.486742506855890724e+02
9.362042679086812313e+02 6.775801587416385701e+02
9.473918504299764436e+02 6.967026278416074092e+02
9.514226284387585793e+02 7.032513124862842915e+02
9.476662674356180105e+02 6.963035172501055285e+02
9.367721136431179048e+02 6.768239461243225605e+02
9.204226055695330615e+02 6.476448263985238327e+02
9.006383896068211925e+02 6.133517821029861352e+02
8.787554844825164082e+02 5.799326922861432649e+02
8.543009075976616487e+02 5.540163183496022157e+02
8.241090293236001116e+02 5.415898432669492877e+02
7.821004879674512722e+02 5.462587043586271420e+02
7.201155377844369241e+02 5.673795071637672436e+02
6.299816318804364528e+02 5.986798157921057282e+02
5.065778825430302277e+02 6.281389049271413114e+02
3.511169650298539295e+02 6.397793508062842420e+02
1.734049610586279755e+02 6.175079783561782278e+02
-8.251015994837636924e+00 5.503053090326428674e+02
-1.703032164285614272e+02 4.371778967136490905e+02
-2.900828595745552434e+02 2.898116242671385976e+02
-3.530825911883314916e+02 1.312229929632715937e+02
-3.587000039758956973e+02 -9.981569605072147411e+00
-3.217786414997823385e+02 -1.082522683629413933e+02
-2.686363428146074739e+02 -1.495647992479168238e+02
-2.285308863196662799e+02 -1.362215452642383866e+02
-2.236621603033121346e+02 -8.572126795613108641e+01
-2.617092819326093149e+02 -2.389221590766113223e+01
-3.339540555192428428e+02 2.496818458840004240e+01
-4.196174866867974060e+02 4.686505500477355213e+01
-4.943273175972965419e+02 4.228275575635242234e+01
-5.389995522869473916e+02 2.443220614813404268e+01
-5.456031532759812990e+02 1.285033972071471808e+01
-5.180309862698256893e+02 2.539110138029687391e+01
-4.685928034819731920e+02 7.182766528320600230e+01
-4.123252301922578908e+02 1.510673419552524592e+02
-3.617317982327727464e+02 2.522002033640399361e+02
-3.238125357019898729e+02 3.581857340707057915e+02
-2.999236260062626798e+02 4.504479334895351599e+02
-2.878092261654570052e+02 5.129536228743461379e+02
-2.844906463072460951e+02 5.350643573168213152e+02
-4.385386341692890255e+02 4.423925762826476102e+02
-4.350194776026779664e+02 4.187703396256333690e+02
-4.262506940929794155e+02 3.514114552846207289e+02
-4.190832622830218384e+02 2.500022333729652360e+02
-4.215847902003782224e+02 1.299112542826938181e+02
-4.390591714794020959e+02 1.036833818478243963e+01
-4.704995930666513004e+02 -8.891909781296493520e+01
-5.070743027859133463e+02 -1.524720744838997462e+02
-5.338309078194151880e+02 -1.738499787134297208e+02
-5.346842657403103658e+02 -1.585971355991973155e+02
-4.992065601331923972e+02 -1.234344075095852560e+02
-4.284614811506432375e+02 -9.099516963490701471e+01
-3.369305380798948022e+02 -8.138580113365644308e+01
-2.488855050576512440e+02 -1.036902116250952304e+02
-1.899837963612802127e+02 -1.511425711823009976e+02
-1.772677298359089093e+02 -2.024814908740149804e+02
-2.118221759938441551e+02 -2.293712237341192122e+02
-2.773888397438074662e+02 -2.069971266472866489e+02
-3.456426018307527102e+02 -1.234572074856063182e+02
-3.859090588905147001e+02 1.584619058477065501e+01
-3.753073630808702319e+02 1.903033402237251437e+02
-3.054370758028869091e+02 3.713646961161903732e+02
-1.835393062147127239e+02 5.317255044180884624e+02
-2.850073197150505067e+01 6.528808887194791168e+02
1.360525260059486641e+02 7.287163709140024821e+02
2.887082800575939245e+02 7.647013344043077723e+02
4.150307537545467653e+02 7.738976162808687604e+02
5.091984264723242291e+02 7.717799599915306317e+02
5.728700548281874489e+02 7.717173077421593916e+02
6.124171197806265354e+02 7.822176266894351784e+02
6.358163191500148059e+02 8.061601617300781299e+02
6.501788115330055007e+02 8.415858089929392918e+02
6.603798880873243888e+02 8.833329430676070615e+02
6.687843442028213303e+02 9.248478134949258447e+02
6.757672724921072813e+02 9.597238965362496401e+02
6.806235133104785291e+02 9.827860922819942289e+02
6.824899139682637497e+02 9.907339543387971617e+02
6.810038602074182563e+02 9.824535336189791224e+02
6.765372336618999043e+02 9.591063151012397157e+02
6.699542816233441727e+02 9.240382172359657034e+02
6.619462098554323575e+02 8.824640630602779083e+02
6.521049341246963422e+02 8.408180148716448912e+02
6.380144430280635106e+02 8.056605472741623544e+02
6.147374360350804636e+02 7.821296030425678509e+02
5.751047646892126295e+02 7.721236672054010342e+02
5.111064086164392961e+02 7.726671658972534260e+02
4.163838610394284387e+02 7.751333884133089214e+02
2.893522199796068435e+02 7.660389231515356414e+02
1.359661204346944317e+02 7.298347370278420385e+02
-2.917038279515658417e+01 6.534593664373578576e+02
-1.844868671547455961e+02 5.315366072039005303e+02
-3.062634499569234663e+02 3.703553467183730845e+02
-3.756272119487080658e+02 1.886307004830792096e+02
-3.854683231705637922e+02 1.384508354563737775e+01
-3.444014051119891064e+02 -1.253734619918207613e+02
-2.755325639691664037e+02 -2.084711485179898887e+02
-2.096901834810623484e+02 -2.302203663186190852e+02
-1.752244694977513575e+02 -2.027523836321171871e+02
-1.882835483736832316e+02 -1.510785277369120649e+02
-2.475854510227537730e+02 -1.036262803644111585e+02
-3.358847595922000551e+02 -8.161703437227693314e+01
-4.273923094741113573e+02 -9.167231761261447787e+01
-4.978179720463145372e+02 -1.245247365849893697e+02
-5.327695120545051850e+02 -1.599167910120574163e+02
-5.313364761382900952e+02 -1.751448838354046131e+02
-5.041062351262278298e+02 -1.535098249795150878e+02
-4.672825864550776487e+02 -8.955798699501443139e+01
-4.358731408538354799e+02 1.015107814104296224e+01
-4.187043952387818990e+02 1.300316079462529615e+02
-4.167368624355283941e+02 2.503089198789369618e+02
-4.246029380271781406e+02 3.517357346373790961e+02
-4.341719768588038733e+02 4.189718440325538609e+02
-4.385386341692889118e+02 4.423925762826474397e+02
-4.841678109610145384e+02 4.015477118071019049e+02
-4.778702942869135200e+02 3.779383418618083965e+02
-4.612497287981680643e+02 3.104867862161853509e+02
-4.424366673143559865e+02 2.082218944013345663e+02
-4.314722869094119915e+02 8.581110785141174802e+01
-4.360316971402126001e+02 -3.781114385031789737e+01
-4.574031717545130959e+02 -1.424634900039380341e+02
-4.883849682119468980e+02 -2.113335878613391117e+02
-5.144554964313988421e+02 -2.360862621972436841e+02
-5.185154010759224548e+02 -2.204605078397040359e+02
-4.879097532909364645e+02 -1.802473332635112229e+02
-4.209942077563774774e+02 -1.386098798511103496e+02
-3.300818744050339433e+02 -1.177108795046717944e+02
-2.387321034244512816e+02 -1.296433124399633812e+02
-1.737500875752199363e+02 -1.705540361232024225e+02
-1.548593483895445502e+02 -2.208842262579118483e+02
-1.863996332059230383e+02 -2.520866639429465010e+02
-2.547345283980323529e+02 -2.372370429599838246e+02
-3.325700648142912996e+02 -1.611551467471400088e+02
-3.883364659538905812e+02 -2.592654862336768318e+01
-3.967049233921900395e+02 1.501256966198296539e+02
-3.461474675592746166e+02 3.390940832044051945e+02
-2.410882294319664823e+02 5.126740591492846306e+02
-9.864729650007870987e+01 6.502398982115325907e+02
5.798229473272881762e+01 7.432003762324360423e+02
2.066596875396030839e+02 7.948982498863043702e+02
3.315252252638626942e+02 8.170551821780505861e+02
4.251817792805140925e+02 8.246947568774875208e+02
4.879997625592465624e+02 8.314562119378156240e+02
5.255904127576092151e+02 8.465319576567724198e+02
5.457374196685518655e+02 8.735846439962476779e+02
5.558198534776798851e+02 9.113048151546937561e+02
5.612664811122659785e+02 9.549320778474170766e+02
5.651022284606583526e+02 9.980593398307926236e+02
5.683259325729991360e+02 1.034239497912138631e+03
5.707253414355920995e+02 1.058168879597359364e+03
5.717476128602747849e+02 1.066425778575402319e+03
5.711350357745103565e+02 1.057848653379805683e+03
5.691529101011112743e+02 1.033648513636085454e+03
5.663533582606280561e+02 9.972940781131603671e+02
5.629326839278763828e+02 9.541295147945760391e+02
5.578570060835656932e+02 9.106292453618550553e+02
5.480483996834847176e+02 8.732054693371775329e+02
5.280150866374182215e+02 8.465919954352218610e+02
4.903203874163116325e+02 8.320338003302484822e+02
4.271495665087588804e+02 8.257677856587465612e+02
3.329087299262721444e+02 8.184794532673329286e+02
2.073074345331438337e+02 7.964137202747947413e+02
5.788276526266243138e+01 7.444743383436100430e+02
-9.933139577645374629e+01 6.509451008369829879e+02
-2.420327922149612334e+02 5.125844755674480666e+02
-3.469358090564541044e+02 3.381674925401255223e+02
-3.969401994302924095e+02 1.485383639516543042e+02
-3.877631037009087436e+02 -2.781630749691678517e+01
-3.311580093233983462e+02 -1.629118952108645999e+02
-2.526881685030628262e+02 -2.384885737175882525e+02
-1.840812093809658450e+02 -2.526466756563508511e+02
-1.526533029998354607e+02 -2.208070394328586303e+02
-1.719221849509434037e+02 -1.700981833882366914e+02
-2.373403222800196772e+02 -1.291602560763216161e+02
-3.289725697526068871e+02 -1.175071579999715254e+02
-4.198788780933163594e+02 -1.388396278154390018e+02
-4.864844867832625255e+02 -1.808742677823294116e+02
-5.165723205760255041e+02 -2.212951396414975420e+02
-5.119466312503390100e+02 -2.368729718121561518e+02
-4.854248710622086946e+02 -2.118472212646735784e+02
-4.542226890601547211e+02 -1.425797363278323076e+02
-4.329101208100120175e+02 -3.753259050794588347e+01
-4.286752632996654029e+02 8.637156462095943255e+01
-4.401768181053088256e+02 2.088853743793409024e+02
-4.596733593152057438e+02 3.110619322847355761e+02
-4.770630844192642712e+02 3.782691994711876191e+02
-4.841678109610145953e+02 4.015477118071020755e+02
-4.381779089863998706e+02 4.425631434082023929e+02
-4.346445405269772664e+02 4.189128158206428907e+02
-4.258651719448136532e+02 3.515192602516045213e+02
-4.186920275492299766e+02 2.500698784506778622e+02
-4.211948534615158337e+02 1.299341878137879291e+02
-4.386803833431544035e+02 1.034338748943788389e+01
-4.701449244403934244e+02 -8.899231074119386165e+01
-5.067590876157006505e+02 -1.525887638074033248e+02
-5.335702486996116249e+02 -1.739975911308885088e+02
-5.344882235895720441e+02 -1.587540593206394419e+02
-4.990739614009164029e+02 -1.235719591711270908e+02
-4.283747923423030670e+02 -9.108414270542641589e+01
-3.368552466053925514e+02 -8.140680904578388777e+01
-2.487766521950140941e+02 -1.036443471872226070e+02
-1.897993966828720716e+02 -1.510571520400493739e+02
-1.769849216679712356e+02 -2.024064714572450612e+02
-2.114493275384207038e+02 -2.293655257756606431e+02
-2.769674471964322038e+02 -2.071090692712967893e+02
-3.452368543594787980e+02 -1.237066660922516519e+02
-3.855864648872203020e+02 1.547643398388753155e+01
-3.751178785343660707e+02 1.898634522388173878e+02
-3.053986395636752036e+02 3.709227500534703950e+02
-1.836345436771700008e+02 5.313477241543712353e+02
-2.868472428805004171e+01 6.526144997788417186e+02
1.358376041702940711e+02 7.285803083836116230e+02
2.885175110571505570e+02 7.646862849631186236e+02
4.149047338969385805e+02 7.739733718248614878e+02
5.091578514977244936e+02 7.719061860144931870e+02
5.729164185842777215e+02 7.718538505746919327e+02
6.125375631842075563e+02 7.823318021524901269e+02
6.359901363272081198e+02 8.062301735121949378e+02
6.503835494030116706e+02 8.416008113847058212e+02
6.605958522174615837e+02 8.832909685717054344e+02
6.689971835553589017e+02 9.247528740818318056e+02
6.759688958364815790e+02 9.595832709990382909e+02
6.808118338708591182e+02 9.826083832366264232e+02
6.826679011579577718e+02 9.905281088645798491e+02
6.811782196731621752e+02 9.822287417808695409e+02
6.767168511825983614e+02 9.588725264627038314e+02
6.701484326905516582e+02 9.238069106627334577e+02
6.621625030138548027e+02 8.822488383638263940e+02
6.523470435586282292e+02 8.406345432351457703e+02
6.382798875623826689e+02 8.055254538950459846e+02
6.150159319618226164e+02 7.820580191257420211e+02
5.753779206439187419e+02 7.721255354496317977e+02
5.113495917123558456e+02 7.727429192289938555e+02
4.165707754022948848e+02 7.752702458216569994e+02
2.894619941210755201e+02 7.662095214621705281e+02
1.359915672887497635e+02 7.299998020850671310e+02
-2.921585030381604753e+01 6.535753114001139465e+02
-1.845668171540202707e+02 5.315672729049929330e+02
-3.063231081844604660e+02 3.702849776976622707e+02
-3.756057852835850781e+02 1.884735835511894777e+02
-3.853164003594676501e+02 1.364715905959223008e+01
-3.440979146939803854e+02 -1.255435964530122135e+02
-2.750946247698641400e+02 -2.085404554098356016e+02
-2.091709678735992100e+02 -2.301331761884225955e+02
-1.746986436078904887e+02 -2.024878227396239083e+02
-1.878250943909839066e+02 -1.506567132561635276e+02
-2.472460981354664113e+02 -1.031008487082201412e+02
-3.356809810811486159e+02 -8.105725122822903472e+01
-4.273049580968194618e+02 -9.114212845260098561e+01
-4.978031640669858575e+02 -1.240666703520317071e+02
-5.327751114315391305e+02 -1.595456395476946909e+02
-5.313173547411095115e+02 -1.748514089121261179e+02
-5.040334274653847615e+02 -1.532708531836385077e+02
-4.671449847073863566e+02 -8.934775873843513239e+01
-4.356735195998276708e+02 1.035244975472950024e+01
-4.184530409339496941e+02 1.302343623329462332e+02
-4.164457863276314811e+02 2.505140686633588132e+02
-4.242823072766584005e+02 3.519379021178575613e+02
-4.338289544887580291e+02 4.191626267665171213e+02
-4.381779089863998138e+02 4.425631434082023361e+02
-2.837223322747524890e+02 5.351189739442274913e+02
-2.878731066347176579e+02 5.130885434749902743e+02
-3.007626293201983003e+02 4.507069729146414829e+02
-3.253018848461191510e+02 3.586515376309905605e+02
-3.636837870108007564e+02 2.529634739290150662e+02
-4.145038658819497073e+02 1.521883652032958025e+02
-4.707436533226522783e+02 7.330072908210911464e+01
-5.199259745249788693e+02 2.712503275093354915e+01
-5.470913688218527113e+02 1.467695031195564681e+01
-5.400470608074360825e+02 2.614685922568814647e+01
-4.950266445234375396e+02 4.370839624037103732e+01
-4.201546948178812499e+02 4.791771051657254077e+01
-3.345376247890882837e+02 2.569548846515375828e+01
-2.624839649389671195e+02 -2.332162109405358308e+01
-2.246426873378172786e+02 -8.508050313032336476e+01
-2.295866556835357528e+02 -1.353192575677350078e+02
-2.695382820766573104e+02 -1.483315798326719062e+02
-3.222917650577945210e+02 -1.067814505316045768e+02
-3.586836721941557471e+02 -8.504883834406955501e+00
-3.525564546010568847e+02 1.324158016734840544e+02
-2.892320389449013192e+02 2.904759702972194191e+02
-1.694230916221057157e+02 4.371990847545504835e+02
-7.656471171772771811e+00 5.497343468197556149e+02
1.734698827459734218e+02 6.165404492642633159e+02
3.505382984344556121e+02 6.386917487674734275e+02
5.053855869953587217e+02 6.272095897574662331e+02
6.283221909478130556e+02 5.981215890640042971e+02
7.182000686430436645e+02 5.673009051583894689e+02
7.801486434645430563e+02 5.466578631125524907e+02
8.223047821549492937e+02 5.423740717779400029e+02
8.527683102343759174e+02 5.550353238008791550e+02
8.775546775526211150e+02 5.810136505340401527e+02
8.997769299352582948e+02 6.143281373952105469e+02
9.198751826604101325e+02 6.483754164372953710e+02
9.365021821367905659e+02 6.772029777147224650e+02
9.476448090758145781e+02 6.962642193285814756e+02
9.516410915738636049e+02 7.027667141092825887e+02
9.478676935217481514e+02 6.957862197935844506e+02
9.369783600233124616e+02 6.762876786887989056e+02
9.206570285133284415e+02 6.471059220715550282e+02
9.009223618734192769e+02 6.128313496406472041e+02
8.791041933452436297e+02 5.794577170000377464e+02
8.547186837099557124e+02 5.536187792529212857e+02
8.245850331962894870e+02 5.413030939458997182e+02
7.826061966654478965e+02 5.461108728794589524e+02
7.206058604511276826e+02 5.673846108061691211e+02
6.304012832743235322e+02 5.988285642664352508e+02
5.068735454972863863e+02 6.283924080342792422e+02
3.512537262285604811e+02 6.400695064469450699e+02
1.733829598024553604e+02 6.177474674830989443e+02
-8.385798081556451677e+00 5.504074618998494088e+02
-1.704602242758509476e+02 4.370826174827874411e+02
-2.901437284543587225e+02 2.895095130291934424e+02
-3.529313656595201678e+02 1.307679391510260700e+02
-3.582584264579417095e+02 -1.047889325340800681e+01
-3.210339737125784154e+02 -1.086512018173729075e+02
-2.676500248254941425e+02 -1.497345456473126433e+02
-2.274228509369122548e+02 -1.360803157126788108e+02
-2.225753920795045815e+02 -8.526003959071795180e+01
-2.607676125939624967e+02 -2.317422491130334450e+01
-3.332288879700684561e+02 2.583107417398939987e+01
-4.191147216228766297e+02 4.774866608712152782e+01
-4.939966409879127696e+02 4.308510520754006023e+01
-5.387592012123969880e+02 2.509442667739527977e+01
-5.453685666768436704e+02 1.335958026572172486e+01
-5.177368101447427762e+02 2.576876245818523259e+01
-4.682028674644590183e+02 7.211094605905488208e+01
-4.118310533561543707e+02 1.512922502562708758e+02
-3.611441099209738468e+02 2.523910722375337059e+02
-3.231511698674511308e+02 3.583522385960376369e+02
-2.992096537085808450e+02 4.505876141343838412e+02
-2.870608312702885314e+02 5.130568231650275948e+02
-2.837223322747524890e+02 5.351189739442276050e+02
-6.538069775240380466e-01 5.811239567503438366e+02
-1.420235236304598736e+01 5.661183568595578208e+02
-5.334849939916573192e+01 5.240843712939357601e+02
-1.151030271456944263e+02 4.644580197523879974e+02
-1.933754859544401938e+02 4.003760451706994559e+02
-2.782261193058944286e+02 3.451596111143492180e+02
-3.563259050027616581e+02 3.083090953596194481e+02
-4.132505011514857642e+02 2.921586776096269205e+02
-4.374199889945795690e+02 2.905486430560528106e+02
-4.244790983964160773e+02 2.905325555194320373e+02
-3.801935750868087780e+02 2.771308022689514701e+02
-3.200368891032056808e+02 2.397518948834271555e+02
-2.647650800485598097e+02 1.777808572402001346e+02
-2.330755460521423856e+02 1.026975970414424921e+02
-2.340683055952694644e+02 3.526219256975684857e+01
-2.627453339097707499e+02 -1.591517134140375100e+00
-3.007500279153647398e+02 8.533956681215624229e+00
-3.223477232554168381e+02 6.878202987814685798e+01
-3.033421625520748535e+02 1.671469724916334769e+02
-2.293697471045682335e+02 2.801436639404501534e+02
-1.004085481530499351e+02 3.804219750167288225e+02
6.989732159480119833e+01 4.452113130807707080e+02
2.593080819519749980e+02 4.624690689609843730e+02
4.440890624192495579e+02 4.328976331736186012e+02
6.054113788131646743e+02 3.678185219621175293e+02
7.330941438052262811e+02 2.843738422325181432e+02
8.260769882361264536e+02 2.001276373794487711e+02
8.902566274592904847e+02 1.288351729434953654e+02
9.350101149075535432e+02 7.829778372765797201e+01
9.697648641895372066e+02 5.030268416011811894e+01
1.001552691852711405e+03 4.201599106871066880e+01
1.033904158420780277e+03 4.797960315476234427e+01
1.066952443109639489e+03 6.198778588957267743e+01
1.098345690703117043e+03 7.842113810321141898e+01
1.124511443823526861e+03 9.293207279179331692e+01
1.141901857190725195e+03 1.026052578765138747e+02
1.147984091860223543e+03 1.058254023575391898e+02
1.141859999926961564e+03 1.020876601769596164e+02
1.124473494675044776e+03 9.191672730229399235e+01
1.098396880373835756e+03 7.695321083152198582e+01
1.067204310866604146e+03 6.014679789256427256e+01
1.034474022640860767e+03 4.588834521338887384e+01
1.002536339435547688e+03 3.984418089852444211e+01
9.712053890559542424e+02 4.825972905805261348e+01
9.368690402719630583e+02 7.661021198804888854e+01
8.923964459682908910e+02 1.277078564859737924e+02
8.282653305784544955e+02 1.996938361055630935e+02
7.350370709319297475e+02 2.846461110201329916e+02
6.068157529294417145e+02 3.686579385015861590e+02
4.447425844399407993e+02 4.340190853044367714e+02
2.591541127969499598e+02 4.634926995142014903e+02
6.907581812299841317e+01 4.457548023700014710e+02
-1.015773609808440625e+02 3.802097302403418553e+02
-2.304645118374297681e+02 2.790955500760631480e+02
-3.039625777895126930e+02 1.654095842236979479e+02
-3.222382386036289859e+02 6.668331813777022887e+01
-2.998772405920247479e+02 6.472107260748897417e+00
-2.612965759016133234e+02 -3.284920471867904368e+00
-2.323708321208600296e+02 3.409289954819177382e+01
-2.314695953361029410e+02 1.019928012992988897e+02
-2.634830122212562742e+02 1.773083018305500218e+02
-3.191352774309073084e+02 2.392083461508107689e+02
-3.795591172959394726e+02 2.762574496820570289e+02
-4.238966472299215411e+02 2.891988122250540982e+02
-4.366679181237952889e+02 2.887786583445909514e+02
-4.121841354105654887e+02 2.901020973484912702e+02
-3.549222982961666730e+02 3.061787096590722399e+02
-2.765836965511983294e+02 3.431655638740748486e+02
-1.916793129725855067e+02 3.986797456513389761e+02
-1.135743902452238103e+02 4.631552747651870732e+02
-5.219587494088466428e+01 5.232141355417239765e+02
-1.358384581379479350e+01 5.656856681670085436e+02
-6.538069775244466086e-01 5.811239567503437229e+02
3.455857281952618791e+02 4.310123391435384974e+02
3.280054731800198056e+02 4.294709802748091647e+02
2.780004944958180317e+02 4.257180302242167613e+02
2.031439166517380102e+02 4.237022981774857158e+02
1.151394027727170197e+02 4.277928202338389951e+02
2.813484548204984392e+01 4.402218737284628105e+02
-4.397067211047469470e+01 4.589477218445484255e+02
-9.091475269017449534e+01 4.769927000271560473e+02
-1.092439591809565087e+02 4.839602297101825457e+02
-1.039569521178604816e+02 4.696400756653984558e+02
-8.745706291834477497e+01 4.285933799619547813e+02
-7.550974991628628175e+01 3.638275605563045474e+02
-8.122039029796822263e+01 2.876315819308487107e+02
-1.092208393789994432e+02 2.185794547264455616e+02
-1.525852176745096926e+02 1.753486816878375407e+02
-1.941294343442758077e+02 1.695947386071607639e+02
-2.119552413070068155e+02 2.008203770789781402e+02
-1.872071585433878340e+02 2.555200742028562786e+02
-1.109745126640499961e+02 3.111109057480031197e+02
1.237209161781527200e+01 3.431318064553893237e+02
1.665606573940807493e+02 3.328898347828709916e+02
3.286971012227257347e+02 2.727329977933468399e+02
4.761881438786781473e+02 1.673225818467832937e+02
5.927196848163017648e+02 3.098974751856674104e+01
6.714530186028378012e+02 -1.173279507227700833e+02
7.149224287712936530e+02 -2.595024062715810942e+02
7.323514927717084220e+02 -3.822387605774561621e+02
7.357859188816541973e+02 -4.788411488579667434e+02
7.364538379398441066e+02 -5.488059552307374815e+02
7.422976126204210914e+02 -5.959795028856599401e+02
7.569909634608683291e+02 -6.262273658780961796e+02
7.802346847427713783e+02 -6.454035290226138386e+02
8.088499875692034493e+02 -6.580601510277755324e+02
8.381587224290967697e+02 -6.669820883563563712e+02
8.632685014359201432e+02 -6.733766501650562759e+02
8.800626310350720587e+02 -6.774308138973793803e+02
8.858491198924068613e+02 -6.789420835027518706e+02
8.797101097429244874e+02 -6.777906125330348459e+02
8.626096823784295111e+02 -6.741097354999890285e+02
8.372847124085417363e+02 -6.681076231755905610e+02
8.078925766709139680e+02 -6.595883933838674693e+02
7.793567279047874763e+02 -6.473168616547029615e+02
7.563687223218279314e+02 -6.284609927291534177e+02
7.420937945673388185e+02 -5.984076076651690528e+02
7.367830388753386615e+02 -5.512401556109847434e+02
7.366783876950887588e+02 -4.810473444072217148e+02
7.337253886703567787e+02 -3.839749730141789428e+02
7.165770199057046739e+02 -2.605737202740152725e+02
6.730932897142813545e+02 -1.176464295698129945e+02
5.940151903138821581e+02 3.135927562565887072e+01
4.768565530281412634e+02 1.681516250531877574e+02
3.285897148551009650e+02 2.736671759861649207e+02
1.657195389286857221e+02 3.335334088327018662e+02
1.103226685286901443e+01 3.431572955828990530e+02
-1.124473164664897951e+02 3.103570452050037716e+02
-1.884275672789428313e+02 2.540398613869082283e+02
-2.126399590578451750e+02 1.988568302164402439e+02
-1.941836080052756870e+02 1.674903041469049469e+02
-1.521198998669263744e+02 1.734223893960232203e+02
-1.084963929291196507e+02 2.170199138101902747e+02
-8.054161062037906049e+01 2.864462847235603249e+02
-7.511690455169082270e+01 3.628634826447068349e+02
-8.745466281715829382e+01 4.276135319931657364e+02
-1.043017131043008590e+02 4.684201808561015810e+02
-1.097866649602677143e+02 4.823673627931544843e+02
-9.147072639628814272e+01 4.750217271742214962e+02
-4.438789556271915160e+01 4.567123391917236290e+02
2.793300906306435749e+01 4.379142321738665942e+02
1.151452339686764361e+02 4.256327537479712078e+02
2.032849251964261441e+02 4.218939827034596988e+02
2.781748968902564343e+02 4.244229583514490969e+02
3.281200336510757438e+02 4.287969359621711192e+02
3.455857281952618223e+02 4.310123391435383269e+02
5.212280653178138436e+02 1.729594736437736913e+01
5.112741035282400617e+02 2.854601929376415725e+01
4.832656945379487752e+02 6.078211002081611980e+01
4.434969569840000077e+02 1.105909736354712578e+02
4.005173198896060853e+02 1.719282784236678481e+02
3.626026134330228956e+02 2.361244842741596699e+02
3.350502510801027256e+02 2.927538819604943114e+02
3.181536523339105997e+02 3.316314825451639763e+02
3.067435167305270625e+02 3.456510660645194548e+02
2.918391904762140712e+02 3.335539954310742701e+02
2.642131641376982998e+02 3.013527454652826805e+02
2.187630863111856456e+02 2.613306139714917435e+02
1.579417179471497263e+02 2.283782613438401654e+02
9.254812168378241211e+01 2.146306011017914557e+02
3.908440464240701573e+01 2.243657760114635380e+02
1.433046958308384333e+01 2.513414501690642737e+02
2.911828329960598438e+01 2.799318881233893990e+02
8.380487090481618395e+01 2.898880288951709190e+02
1.673320601533812351e+02 2.629903248669929212e+02
2.602835440455885987e+02 1.890597046993561605e+02
3.407161589814706986e+02 6.911501800874980006e+01
3.905176447680453293e+02 -8.528277489345865092e+01
4.000420362918885075e+02 -2.559170408646476176e+02
3.696809474305235881e+02 -4.233266343740000934e+02
3.083256597260565854e+02 -5.717495197933573081e+02
2.297561590138483893e+02 -6.921285083649753460e+02
1.484693608879076407e+02 -7.826641997214901494e+02
7.628510461537997855e+01 -8.473172309464302998e+02
2.047828291180511329e+01 -8.932051966947237815e+02
-1.648797220276298958e+01 -9.279165263835607220e+02
-3.604576309331689288e+01 -9.574891670442262921e+02
-4.204141662632364529e+01 -9.853841516624479482e+02
-3.925113579943313624e+01 -1.012409905072982610e+03
-3.224883975381582957e+01 -1.037324710110613978e+03
-2.474682109695942600e+01 -1.057774646036396462e+03
-1.934750957852660846e+01 -1.071267031812763207e+03
-1.754837497172005811e+01 -1.075971864846007975e+03
-1.982816980453438660e+01 -1.071235089842482239e+03
-2.568908281591556531e+01 -1.057752320282369965e+03
-3.360994506859368869e+01 -1.037389349244506548e+03
-4.095699206879841370e+01 -1.012662715742551313e+03
-4.397915299033367376e+01 -9.859317977393318415e+02
-3.806085743095748342e+01 -9.584195598306397414e+02
-1.839070277767383388e+01 -9.292714155939936518e+02
1.889335692119698251e+01 -8.949547961544299142e+02
7.520590321305650150e+01 -8.493445358426824896e+02
1.480234110294652226e+02 -7.847675006733702503e+02
2.299679468989124302e+02 -6.940484079079496951e+02
3.090885341502777806e+02 -5.732207013453554509e+02
3.707583272322788162e+02 -4.241454905681187029e+02
4.011068505491288079e+02 -2.560069098162709338e+02
3.912268708029531581e+02 -8.473344153240479670e+01
3.408024150659010729e+02 7.005346110090725631e+01
2.596342922260432715e+02 1.900351868161627351e+02
1.660258334684171473e+02 2.636461070002435463e+02
8.208633920573832654e+01 2.899677270142090038e+02
2.731670192165986677e+01 2.793539031359728142e+02
1.274964376556977008e+01 2.502138164157499318e+02
3.790527641080043253e+01 2.229355598421617515e+02
9.178029401274585553e+01 2.131887215814180081e+02
1.574393665688293993e+02 2.271581921654843370e+02
2.182938349735388783e+02 2.604395352632541289e+02
2.635485389219522290e+02 3.007571155885995609e+02
2.908308678507826244e+02 3.331173173263952094e+02
3.053608166007645650e+02 3.452017560648307608e+02
3.164770869228218544e+02 3.310313642817178561e+02
3.332333670587732399e+02 2.919437092271613778e+02
3.608228091344814743e+02 2.351365030562788547e+02
3.989345161405047975e+02 1.708694945943947232e+02
4.422305520910843484e+02 1.096089715316734470e+02
4.823904848879608380e+02 6.002658705799292704e+01
5.108288943148066323e+02 2.813573902885399747e+01
5.212280653178140710e+02 1.729594736437725189e+01
2.625911768366606225e+02 -4.122403029050471446e+02
2.672221312082436953e+02 -4.005607090581542593e+02
2.805671982832499225e+02 -3.673914069825342494e+02
3.021577858027864067e+02 -3.185874732570923697e+02
3.303491855389063971e+02 -2.625760548379918760e+02
3.615289851091569062e+02 -2.084773675584549153e+02
3.898892771276358076e+02 -1.638240320440087316e+02
4.082237266415416457e+02 -1.324178976707983679e+02
4.098299307628734596e+02 -1.130563475675497784e+02
3.910458559469544753e+02 -9.981163709734059353e+01
3.534499236964890088e+02 -8.414033832777424493e+01
3.045918796420398849e+02 -5.839389221019698795e+01
2.564926777217897893e+02 -1.956683980772239195e+01
2.220109529100930672e+02 2.825511974967997375e+01
2.101848488938060200e+02 7.400264186085065887e+01
2.223209424690626577e+02 1.026055234051536758e+02
2.505168595027592744e+02 9.994955745150947735e+01
2.794216711738296794e+02 5.797710446008584029e+01
2.907286676163842003e+02 -2.205691395416841516e+01
2.687711987156516784e+02 -1.294425224568901172e+02
2.051810318517957512e+02 -2.469941952773854439e+02
1.010321235974764704e+02 -3.559538716211111478e+02
-3.403757533650597367e+01 -4.409970102384235133e+02
-1.850831799606975778e+02 -4.936902335815709648e+02
-3.361074839971144570e+02 -5.135287088613468995e+02
-4.738362726095219273e+02 -5.066512977802469777e+02
-5.899949280011466044e+02 -4.830715274450417951e+02
-6.817776857807810984e+02 -4.535417483595820158e+02
-7.508379104208413537e+02 -4.269992665126261500e+02
-8.014826351616670763e+02 -4.091114203761451904e+02
-8.387879612061624357e+02 -4.019709406718047262e+02
-8.671546733149094734e+02 -4.046617448276649043e+02
-8.895369065918979459e+02 -4.142814275130265855e+02
-9.073212339549844501e+02 -4.270419426919131070e+02
-9.206728890433870447e+02 -4.391996067066456817e+02
-9.291076971435267069e+02 -4.477124943731086546e+02
-9.320658034623096455e+02 -4.506346603647722304e+02
-9.293201980046571862e+02 -4.473104403268818601e+02
-9.211213223819835321e+02 -4.384312568444039471e+02
-9.080456992105946483e+02 -4.259795252952222313e+02
-8.905811594640505291e+02 -4.130336293712098268e+02
-8.685482085417615963e+02 -4.033704233350968025e+02
-8.405258265281794365e+02 -4.008015724109714029e+02
-8.035072431251104490e+02 -4.082349453225007778e+02
-7.530285621890054699e+02 -4.265650085756424232e+02
-6.839539174111414468e+02 -4.536444382453030357e+02
-5.919381570702050794e+02 -4.837194521648903560e+02
-4.753299596724337448e+02 -5.077458388545942398e+02
-3.369895151414082193e+02 -5.148660966266317018e+02
-1.852972295046492945e+02 -4.949925725844980207e+02
-3.366587286021322711e+01 -4.419712035393011433e+02
1.017706977063668745e+02 -3.563659623916428245e+02
2.059746646649902857e+02 -2.467371367946979035e+02
2.692931592938306267e+02 -1.285726400838264851e+02
2.907270728452735966e+02 -2.078171184678208405e+01
2.787902403175071981e+02 5.936060738793173641e+01
2.493198683475214068e+02 1.011471957534873667e+02
2.207618001205136977e+02 1.034165965373401264e+02
2.085298219262531347e+02 7.437573820263929747e+01
2.204974694018851835e+02 2.828988447942122875e+01
2.552568068475020482e+02 -1.966923784341328485e+01
3.036397564431807723e+02 -5.840890992029031992e+01
3.526783646806022716e+02 -8.389534896941920294e+01
3.902978868265604433e+02 -9.923220462534879971e+01
4.089600863889409652e+02 -1.121725934536463996e+02
4.071490908968897884e+02 -1.313370015447637229e+02
3.886124514700143777e+02 -1.626859302215083289e+02
3.601321174619633894e+02 -2.074125476491679478e+02
3.289678455025818380e+02 -2.616785873794135568e+02
3.009469623355471981e+02 -3.179074879559148030e+02
2.796697010551852713e+02 -3.669434659429386443e+02
2.667449872421425994e+02 -4.003403236985456033e+02
2.625911768366605656e+02 -4.122403029050472014e+02
-2.678559536659083733e+02 -3.668082646022046447e+02
-2.574730632802364312e+02 -3.674268623406863412e+02
-2.278820406835854158e+02 -3.692151057868673547e+02
-1.837534990192790758e+02 -3.730199718546043641e+02
-1.320046003614322103e+02 -3.793455039164036293e+02
-8.050088393947926590e+01 -3.873892511546405331e+02
-3.634810581606944879e+01 -3.944198751221119323e+02
-4.094071899973098283e+00 -3.959457524918410058e+02
1.562757761814852486e+01 -3.868809452808803826e+02
2.640966017153025547e+01 -3.634991044445392845e+02
3.493681188048516617e+01 -3.255160846554003911e+02
4.848467357375024278e+01 -2.773742382421926322e+02
7.175023450519918811e+01 -2.279131205375219906e+02
1.041741125298439385e+02 -1.881545231522410973e+02
1.389400194129250679e+02 -1.677312732569392040e+02
1.643098948895742808e+02 -1.711927483467596289e+02
1.670418328581598928e+02 -1.956540967206801156e+02
1.367396144831938045e+02 -2.308447383598113447e+02
6.953077328899904330e+01 -2.616972640475239587e+02
-3.030193151544518670e+01 -2.726078338738640241e+02
-1.513021247844777974e+02 -2.518570457349657090e+02
-2.779901089984953728e+02 -1.946827784520966986e+02
-3.949770797465445185e+02 -1.041010386027465699e+02
-4.906253471881906307e+02 1.053774422583215298e+01
-5.591863165746683535e+02 1.364950864714922147e+02
-6.010297338547779873e+02 2.609640120237056067e+02
-6.212642709513884256e+02 3.737359590541952912e+02
-6.274824309897073817e+02 4.686218762995504790e+02
-6.274470102140800236e+02 5.435579327815314628e+02
-6.273366389768128784e+02 5.997313817242309142e+02
-6.308359068125248541e+02 6.402445472979438819e+02
-6.390428982936010698e+02 6.688033472145830274e+02
-6.509673139525124270e+02 6.887515239161326690e+02
-6.643272548795173407e+02 7.025695963207176646e+02
-6.763906244372394667e+02 7.117911312554945198e+02
-6.846947267139029236e+02 7.171916606706173525e+02
-6.875667479163274720e+02 7.190773048941042589e+02
-6.844290331268813361e+02 7.175226834706371619e+02
-6.758981539714304745e+02 7.124595108816544098e+02
-6.636838578767402623e+02 7.035821703192907535e+02
-6.502808551373045702e+02 6.901049326714327208e+02
-6.384438615129399750e+02 6.704705052856110115e+02
-6.304621096985885060e+02 6.421615194139563982e+02
-6.273117410696748948e+02 6.017889468407666982e+02
-6.278546062820777252e+02 5.456025259913101308e+02
-6.283402862232995858e+02 4.704697126587378762e+02
-6.225058130711606736e+02 3.752014557025826207e+02
-6.025009758953119672e+02 2.618991710392533605e+02
-5.606646180302881248e+02 1.368312339719851991e+02
-4.918611762714376709e+02 1.031687758751700557e+01
-3.957519914433850658e+02 -1.047186473386480543e+02
-2.781760459969205499e+02 -1.954433499264543457e+02
-1.509026222487674147e+02 -2.524691743177153000e+02
-2.945820315948945023e+01 -2.728160863707936414e+02
7.057568549836690863e+01 -2.613507645707396705e+02
1.377103327909541406e+02 -2.299365514237675541e+02
1.677115992179301713e+02 -1.943158777586975248e+02
1.645648385744131303e+02 -1.696453774377106924e+02
1.388041522424688594e+02 -1.662092685338737681e+02
1.037877304940134593e+02 -1.868321028982481948e+02
7.131258289465046118e+01 -2.268580832295065193e+02
4.818453774241738330e+01 -2.765433483869375095e+02
3.489671407627594846e+01 -3.247885873343219600e+02
2.666071403267700646e+01 -3.627312846471994590e+02
1.611791169949824010e+01 -3.859597760681555201e+02
-3.467135366898361326e+00 -3.948242172650556654e+02
-3.569821930554922318e+01 -3.931267049338651987e+02
-7.992005953509206506e+01 -3.860161216660017089e+02
-1.315463562297093745e+02 -3.780210309325788671e+02
-1.834327696957324179e+02 -3.718808602478877674e+02
-2.276872253243798809e+02 -3.683818881508948948e+02
-2.573831454688432245e+02 -3.669873398271465703e+02
-2.678559536659084301e+02 -3.668082646022045310e+02
-3.847183115006320691e+02 1.636856794104406845e+02
-3.836626544632640616e+02 1.551754655114238801e+02
-3.805685690686545399e+02 1.308770288483680986e+02
-3.765547041939992141e+02 9.442272004765109727e+01
-3.727174169290479995e+02 5.125368670978205898e+01
-3.692800820117951162e+02 7.679048756588613855e+00
-3.649643116211320262e+02 -3.040447494906810277e+01
-3.569520004169834806e+02 -5.892228551408057058e+01
-3.416425184867157441e+02 -7.677485808986233451e+01
-3.161046007797105517e+02 -8.626151005470295274e+01
-2.797676987978541661e+02 -9.241014807256436825e+01
-2.356486389207219077e+02 -1.011818267581638366e+02
-1.904255553654961659e+02 -1.169891169584912234e+02
-1.530212810511941370e+02 -1.403728884738189322e+02
-1.319507360558042706e+02 -1.667962407130056022e+02
-1.322771038952780316e+02 -1.872116116288499654e+02
-1.533185682446445526e+02 -1.904095706298961943e+02
-1.880682681223182442e+02 -1.664293917427064571e+02
-2.246750277575943358e+02 -1.098374670266691027e+02
-2.495416901436437627e+02 -2.169182433521489628e+01
-2.509845990917136476e+02 9.048862189935925926e+01
-2.222268143683312758e+02 2.146725711886380168e+02
-1.628165762042115432e+02 3.374256871876489186e+02
-7.819450293857907752e+01 4.470979979851000508e+02
2.221506483893003292e+01 5.361213450815580472e+02
1.275990154428988177e+02 6.018912244922880745e+02
2.281839181092751119e+02 6.462492590760027724e+02
3.168815744681795650e+02 6.740037476531338143e+02
3.899153849131281504e+02 6.911050207289938498e+02
4.465455308486696140e+02 7.030315480976428262e+02
4.882275483083465133e+02 7.137310818485792652e+02
5.175889758256678306e+02 7.252136891660119318e+02
5.375301716203746309e+02 7.376995224815241272e+02
5.506155277788080866e+02 7.501233128958111820e+02
5.587828310638450375e+02 7.607841661353178324e+02
5.633003128384430056e+02 7.679715810742195572e+02
5.648555409040538962e+02 7.704601056375051940e+02
5.636617284909831369e+02 7.678186170202581025e+02
5.595011183749643351e+02 7.605138821253211745e+02
5.516771534627256415e+02 7.498037456522888533e+02
5.389047812052428981e+02 7.374240672972190396e+02
5.192202901421110255e+02 7.250895521051635342e+02
4.900260536097780459e+02 7.138628955610436151e+02
4.483866053569824430e+02 7.035009896083554395e+02
3.916462982187898092e+02 6.919490829663679961e+02
3.183393837742734149e+02 6.751963343693290653e+02
2.292234822540236507e+02 6.476921822430430211e+02
1.281265022278891195e+02 6.034204722272199888e+02
2.221850812809407572e+01 5.375318450238615924e+02
-7.862816455924699710e+01 4.481849697093966824e+02
-1.635072745006428079e+02 3.380342162747566590e+02
-2.229337468203925994e+02 2.147416195516750292e+02
-2.514602911241012464e+02 9.007416751313533609e+01
-2.495936800210268700e+02 -2.242548957634073759e+01
-2.242157710429025030e+02 -1.106594118821914776e+02
-1.871355429109721911e+02 -1.671056964130963536e+02
-1.520579302698100435e+02 -1.907686474778006414e+02
-1.308916517633009846e+02 -1.871890222046884560e+02
-1.306358397006974883e+02 -1.664439798120601495e+02
-1.519073696748047837e+02 -1.398315542969388048e+02
-1.895480366339086231e+02 -1.164352506854241227e+02
-2.349525371402523888e+02 -1.007708800378324554e+02
-2.791411092989268923e+02 -9.223483787531617395e+01
-3.154255207093638660e+02 -8.633693729440643949e+01
-3.408214886398520775e+02 -7.705026827936077893e+01
-3.559578758709017166e+02 -5.931001277469488997e+01
-3.638289504381850747e+02 -3.081277732592853269e+01
-3.680855850818215913e+02 7.320644982661416833e+00
-3.715738875143552491e+02 5.098249178080927635e+01
-3.755767201489964577e+02 9.424447471968304058e+01
-3.798559409110204683e+02 1.307768618931630726e+02
-3.832875722997823118e+02 1.551324522371556043e+02
-3.847183115006320122e+02 1.636856794104407982e+02
1.128749333760344200e+02 3.641940088930940647e+02
1.059218253003389663e+02 3.628874942813371263e+02
8.603338267554133267e+01 3.590068422106816683e+02
5.610829528217144002e+01 3.534327075397247313e+02
2.047893348705673233e+01 3.470530270269809421e+02
-1.584195128943487063e+01 3.401213390851373788e+02
-4.816900651529586241e+01 3.317853142654935255e+02
-7.323818106942746908e+01 3.200629860809880256e+02
-9.009136863390577332e+01 3.024189051000707309e+02
-1.003965266839557700e+02 2.768640058612111261e+02
-1.079302370680931915e+02 2.432380999231442331e+02
-1.171976099647665421e+02 2.041461745721748002e+02
-1.315146566089577504e+02 1.650256311422600106e+02
-1.511862614682589765e+02 1.330746097654126459e+02
-1.725120677366016082e+02 1.152100570724867339e+02
-1.881446406668102895e+02 1.156744025028650782e+02
-1.888507759783427105e+02 1.341569341211088329e+02
-1.661720291409664014e+02 1.651950629883054091e+02
-1.150913711574428220e+02 1.991835038929652342e+02
-3.577432696350787467e+01 2.247228549108424431e+02
6.621035196977445025e+01 2.315420075877142381e+02
1.812231456356914805e+02 2.130427926240002705e+02
2.979296840042394479e+02 1.677022635600605156e+02
4.059060243719544587e+02 9.902091589557946349e+01
4.976846597843547784e+02 1.421464000283128115e+01
5.697495218333374396e+02 -7.778877357476707743e+01
6.223983498658942608e+02 -1.683798905470145542e+02
6.587433598917764357e+02 -2.507896348904405102e+02
6.833064741393247914e+02 -3.208404348205153838e+02
7.006636390400633445e+02 -3.769469104781658189e+02
7.144568118196057185e+02 -4.195836712965596007e+02
7.269055578736463303e+02 -4.505115190230507665e+02
7.387862789729044835e+02 -4.720197646922567287e+02
7.497462684263527990e+02 -4.863472729557073535e+02
7.587872821825483243e+02 -4.953373893300253599e+02
7.647708074862083549e+02 -5.002972223700496670e+02
7.668384197362033774e+02 -5.019856307657632328e+02
7.646835309447819782e+02 -5.006466270611555274e+02
7.586437436149105906e+02 -4.960267517844770850e+02
7.496049427511522936e+02 -4.873543629041420786e+02
7.387257244143825119e+02 -4.733038854988815274e+02
7.270129520804830463e+02 -4.520073966061089550e+02
7.148126284146924263e+02 -4.211975680345713613e+02
7.013237431045649828e+02 -3.785579159182701687e+02
6.842843785417360323e+02 -3.223094319612661138e+02
6.599968299124027453e+02 -2.519769684704442056e+02
6.238252877198833630e+02 -1.691702524250216584e+02
5.711973471330297798e+02 -7.811870321836536846e+01
4.989747356002534389e+02 1.433399416019258155e+01
4.068702509270119663e+02 9.949418613115955168e+01
2.984513361050280764e+02 1.683599925332027851e+02
1.812703322738080942e+02 2.136728535361975503e+02
6.585023863147532097e+01 2.319367004552728986e+02
-3.638799037618761645e+01 2.247292876603367802e+02
-1.157565505257309297e+02 1.987415832769657129e+02
-1.666922457918923897e+02 1.643498495562284063e+02
-1.890876440325713190e+02 1.330401823275358595e+02
-1.880518348136181714e+02 1.144609994918566258e+02
-1.721398829740654435e+02 1.140642737135614766e+02
-1.506567371110195666e+02 1.321045078559746457e+02
-1.309778043726531109e+02 1.642601140588776900e+02
-1.167851175371308017e+02 2.035398979686695213e+02
-1.077219911865296638e+02 2.426990428599612528e+02
-1.004085626669700986e+02 2.762913690607098260e+02
-9.028495335758154283e+01 3.017375865511156690e+02
-7.354261235791247486e+01 3.192447431024177149e+02
-4.850779770091811827e+01 3.308532386368956395e+02
-1.615349986301313123e+01 3.391403021031354683e+02
2.023098682979228968e+01 3.461121559160166044e+02
5.593527189918904696e+01 3.526262696410929607e+02
8.592931060004335109e+01 3.584180507722804236e+02
1.058743062338948846e+02 3.625771741597127971e+02
1.128749333760343916e+02 3.641940088930944057e+02
3.286918488651761550e+02 -1.046713649589511306e+02
3.278721419514725426e+02 -9.886930385307822178e+01
3.253488206952119981e+02 -8.222409810834273003e+01
3.215615043031206710e+02 -5.710834428750041525e+01
3.168541567466511424e+02 -2.702673037244074195e+01
3.110622272836869229e+02 4.034697244027611873e+00
3.032500195267019194e+02 3.243385385325947112e+01
2.917900390433422331e+02 5.571583976585475284e+01
2.748714542000965935e+02 7.323734001568288932e+01
2.513505995054990194e+02 8.631387078796460344e+01
2.216676495587735189e+02 9.771611544727036858e+01
1.884341272849626989e+02 1.105400432909006696e+02
1.563251555115783731e+02 1.267337517877658399e+02
1.311172128634606224e+02 1.457746708803549325e+02
1.180423573737491978e+02 1.640377237135388100e+02
1.199527817330677237e+02 1.752165362837902194e+02
1.359516692769936412e+02 1.717957234016951702e+02
1.610493471581209519e+02 1.471618633055719272e+02
1.870639775837078105e+02 9.766320062120040291e+01
2.045369675039069648e+02 2.391399774352030150e+01
2.050647444869265428e+02 -6.909775854974182607e+01
1.833142137523092288e+02 -1.731130817275784466e+02
1.381337340430078484e+02 -2.785178911151177772e+02
7.251612735307543289e+01 -3.764417386888243300e+02
-7.439483394333095134e+00 -4.604239812835501198e+02
-9.413658195402787499e+01 -5.272546063815603929e+02
-1.801382137018941876e+02 -5.769110487625621317e+02
-2.594428521713497844e+02 -6.117893001382078637e+02
-3.281555327182726387e+02 -6.355811672726980532e+02
-3.845516529269951320e+02 -6.521595724264360570e+02
-4.286916334813777212e+02 -6.647361754619607837e+02
-4.618121794914189309e+02 -6.754122840058479369e+02
-4.857024807517917679e+02 -6.851122927127754565e+02
-5.022042761231436430e+02 -6.938027165424842906e+02
-5.128911189503659216e+02 -7.008665519732664961e+02
-5.189131738621805425e+02 -7.055104495026210998e+02
-5.209538619679046860e+02 -7.071116665675098147e+02
-5.192353812387081007e+02 -7.054457382101307985e+02
-5.135254132298903187e+02 -7.007643275072274491e+02
-5.031277385916068283e+02 -6.937140369174569514e+02
-4.868749065432673433e+02 -6.851052484145686776e+02
-4.631714394002811446e+02 -6.755616028688704091e+02
-4.301511338521723928e+02 -6.651096431035300611e+02
-3.860023226712619930e+02 -6.528025458185597927e+02
-3.294742937004260739e+02 -6.365016414238310745e+02
-2.605082187077235858e+02 -6.129470893769064332e+02
-1.808515517845043235e+02 -5.782151105381941534e+02
-9.444503764500993270e+01 -5.285717847642732750e+02
-7.354468277826207157e+00 -4.616001445097342639e+02
7.291168162661851682e+01 -3.773326530323763564e+02
1.386944904094565914e+02 -2.790231728388038164e+02
1.838589004820544233e+02 -1.732037582947052385e+02
2.054152470906099666e+02 -6.882795653832272365e+01
2.045600053305740289e+02 2.441710137310814943e+01
1.867028281560364746e+02 9.823041042258510913e+01
1.603350345200296942e+02 1.476258237640360562e+02
1.349893337078819968e+02 1.720342921711504118e+02
1.188874394399036589e+02 1.751819198578770624e+02
1.170155171004782773e+02 1.637624569316694476e+02
1.302287408843438925e+02 1.453538023248908360e+02
1.556121521595669606e+02 1.262908732453057041e+02
1.878716894225074157e+02 1.101896623871109995e+02
2.211883613894022460e+02 9.753459431979078431e+01
2.508737587925276102e+02 8.632641790935393544e+01
2.743313782193828274e+02 7.342186045822694496e+01
2.911551989327060710e+02 5.601875842500390945e+01
3.025294507246701414e+02 3.279028871507682652e+01
3.103003550973350002e+02 4.385901757605335405e+00
3.161181583497009342e+02 -2.672296714762422809e+01
3.209260642494998024e+02 -5.687525844954721777e+01
3.248821295052428582e+02 -8.206970314662034127e+01
3.276252385965527765e+02 -9.879319901716331742e+01
3.286918488651761550e+02 -1.046713649589511306e+02
-1.236018734937917998e+02 -2.846745653994217946e+02
-1.187205615652720070e+02 -2.846807452525770259e+02
-1.046512874924364951e+02 -2.845222151660303780e+02
-8.331951009881662173e+01 -2.841549088714895674e+02
-5.752175866149448780e+01 -2.832963758632706686e+02
-3.035691047716019142e+01 -2.812319036003515293e+02
-4.553601580675689320e+00 -2.767593378372903317e+02
1.815537126844117921e+01 -2.683867209207997462e+02
3.742157224952139671e+01 -2.548078014266412197e+02
5.425650670703555534e+01 -2.355506784259814026e+02
7.051074326214583721e+01 -2.115710873329523736e+02
8.793605217782385353e+01 -1.855049335662897647e+02
1.070938416525522427e+02 -1.613531833988380697e+02
1.264977780421342004e+02 -1.435518769646684802e+02
1.423685930054493838e+02 -1.356270422466076297e+02
1.492071641443027374e+02 -1.388478936434457012e+02
1.411046787113909318e+02 -1.513669132116691003e+02
1.134167759951260166e+02 -1.682172192827814570e+02
6.425918646876847617e+01 -1.822563908276359825e+02
-4.683224019772271873e+00 -1.858106921860557463e+02
-8.831149449783862337e+01 -1.725231752086629058e+02
-1.791770054960888388e+02 -1.388457116231460873e+02
-2.691027593006261895e+02 -8.475706202309547166e+01
-3.508582254112271244e+02 -1.356723535164359618e+01
-4.194224391575984328e+02 6.903591766070715607e+01
-4.725576059820049295e+02 1.563390308483048727e+02
-5.106616987175808617e+02 2.419422826521955585e+02
-5.360774573310372944e+02 3.207588893969630135e+02
-5.521451276919189013e+02 3.895146304820088972e+02
-5.622855755801589339e+02 4.467593737582479321e+02
-5.693186908371308164e+02 4.925249957242610890e+02
-5.751073843728557904e+02 5.278130416259562026e+02
-5.805137219933610595e+02 5.540785645239544692e+02
-5.855864570270867944e+02 5.728198230400843158e+02
-5.898736128051326659e+02 5.853163779204028287e+02
-5.927604510745200059e+02 5.925029878824731213e+02
-5.937569760689698342e+02 5.949348395172733035e+02
-5.926865382663501123e+02 5.927924492651825403e+02
-5.897503022934952241e+02 5.858872073653893722e+02
-5.854599136821751699e+02 5.736534400806989424e+02
-5.804458978892754430e+02 5.551418536491728446e+02
-5.751670811627055855e+02 5.290540651106747418e+02
-5.695698470516838370e+02 4.938703853352129158e+02
-5.627738172099114990e+02 4.481154840748534980e+02
-5.528846029009228005e+02 3.907741628454356260e+02
-5.370409049735953886e+02 3.218136336438800527e+02
-5.117771284831561616e+02 2.427008968040236994e+02
-4.737144237395341406e+02 1.567466992885619561e+02
-4.204880531557810173e+02 6.909093154120486702e+01
-3.517032695641233317e+02 -1.380561386142617408e+01
-2.696297986568575880e+02 -8.517394064548108190e+01
-1.793451557992944743e+02 -1.392904343980552540e+02
-8.814907331811350844e+01 -1.728405082708499663e+02
-4.283086318748228649e+00 -1.858757361387010292e+02
6.476195874567636679e+01 -1.820032357674995751e+02
1.138792543028718427e+02 -1.676523453238439174e+02
1.414124709163216096e+02 -1.505628135597471555e+02
1.493016634719552371e+02 -1.379189042543490586e+02
1.422569890077508603e+02 -1.346953794435151508e+02
1.262437558053922828e+02 -1.427149482081040333e+02
1.067934723082215953e+02 -1.606621302715768707e+02
8.768785609872877274e+01 -1.849597112095098055e+02
7.038969303327971261e+01 -2.111312921419818736e+02
5.429894961063963166e+01 -2.351563281962322378e+02
3.762328670125732089e+01 -2.544020938528395277e+02
1.848037600628483546e+01 -2.679337484150532305e+02
-4.158630645276051752e+00 -2.762528042725501791e+02
-2.994812583562656982e+01 -2.806944587951783774e+02
-5.714750334177706037e+01 -2.827718734676304280e+02
-8.301515951344715916e+01 -2.836970602971681501e+02
-1.044390052323942086e+02 -2.841828917020563381e+02
-1.186120583341798493e+02 -2.845001765456256066e+02
-1.236018734937917998e+02 -2.846745653994216241e+02
-2.313777803389604628e+02 1.550969735311885529e+02
-2.323060353210755693e+02 1.511109732017528415e+02
-2.348256642262070670e+02 1.395479012670139980e+02
-2.384636925529663358e+02 1.218772505529708354e+02
-2.423811208791471472e+02 1.001906923543454013e+02
-2.453694306235909721e+02 7.673209204637450398e+01
-2.459702343143923144e+02 5.338379271633137790e+01
-2.427641937641424192e+02 3.124665448408562440e+01
-2.348034805224898776e+02 1.045782841031416943e+01
-2.220734372581076457e+02 -9.650260079022810800e+00
-2.058016950988379108e+02 -3.004020428237927831e+01
-1.884275536620632181e+02 -5.122865711476183037e+01
-1.731244579992235799e+02 -7.255283012116774444e+01
-1.629219252301460017e+02 -9.173582629731998850e+01
-1.596481598864910723e+02 -1.049862810910193645e+02
-1.630351608430392503e+02 -1.077030660182822430e+02
-1.703290863885411568e+02 -9.563417291516375940e+01
-1.766105598525651033e+02 -6.614808380232405227e+01
-1.757953559549333136e+02 -1.920088286998701932e+01
-1.620461789905022272e+02 4.233683153724796000e+01
-1.311789081188187822e+02 1.131195419765626866e+02
-8.165094571671427559e+01 1.864039667800576581e+02
-1.486891848076882638e+01 2.554345752576069231e+02
6.521787069733315434e+01 3.147352083965374732e+02
1.530549779799988812e+02 3.609733144236851103e+02
2.426393270707557690e+02 3.932313440931762898e+02
3.285728390644547972e+02 4.127133823478928889e+02
4.067816798755441141e+02 4.220642857585286265e+02
4.748092994333617298e+02 4.245440652647987463e+02
5.317241893673997311e+02 4.232810078161777483e+02
5.777696229547709663e+02 4.207509754810738514e+02
6.139093449875019814e+02 4.185361033679861293e+02
6.414000330636545186e+02 4.173363223002755831e+02
6.614705023709561829e+02 4.171591135348467105e+02
6.751322342499017850e+02 4.175982342100093092e+02
6.831025213474005113e+02 4.181218357838283737e+02
6.857980350357139514e+02 4.183118134563251829e+02
6.833530924524842476e+02 4.180187274290302639e+02
6.756289843675004931e+02 4.174144563951758755e+02
6.622023112961586548e+02 4.169372943175593491e+02
6.423449959510561484e+02 4.171346100483144141e+02
6.150301847739585810e+02 4.184208982655439968e+02
5.790102151172014828e+02 4.207871494699435289e+02
5.330090433710482785e+02 4.235202922750643211e+02
4.760476203544705527e+02 4.250131207674243115e+02
4.078768492116910238e+02 4.227548194174754599e+02
3.294367897412554953e+02 4.135771866553869813e+02
2.432095535567469256e+02 3.941828963124229404e+02
1.533102946354831317e+02 3.619013200532041310e+02
6.518817448999581643e+01 3.155222384247532545e+02
-1.510308444050137666e+01 2.559812323533526239e+02
-8.197102741212052024e+01 1.866517338669812034e+02
-1.314516781409006967e+02 1.130656686489327853e+02
-1.621525504734880201e+02 4.203602202550492706e+01
-1.756569304706428909e+02 -1.964966410146978149e+01
-1.762060968790400466e+02 -6.662670255655045537e+01
-1.696958371384885425e+02 -9.603524424748559341e+01
-1.622547810530887205e+02 -1.079558274041914956e+02
-1.588219399766506399e+02 -1.050708723252373034e+02
-1.621433807616162142e+02 -9.168244403156924704e+01
-1.724576408760254083e+02 -7.242732970089140565e+01
-1.878967968739295884e+02 -5.111034813735129489e+01
-2.053941453530147214e+02 -2.999932054564467876e+01
-2.217514942858494464e+02 -9.731519484476251591e+00
-2.345216908219674679e+02 1.024220357509245716e+01
-2.424848666472927619e+02 3.091464072538550312e+01
-2.456736722186670363e+02 5.297485915542272750e+01
-2.450571733595015189e+02 7.629603049176851925e+01
-2.420729157706697947e+02 9.977745628148656465e+01
-2.381903312022475063e+02 1.215298560546248865e+02
-2.346202255616807406e+02 1.392988339853863522e+02
-2.321957131350865779e+02 1.509813261522641596e+02
-2.313777803389604912e+02 1.550969735311885245e+02
